,adjclose,close,date,high,low,open,volume
0,13.899999618530273,13.899999618530273,2019-05-31,14.15999984741211,13.40999984741211,13.470000267028809,9200
1,13.5,13.5,2019-05-30,13.9399995803833,13.149999618530273,13.470000267028809,18900
2,13.489999771118164,13.489999771118164,2019-05-29,14.0,13.0600004196167,13.229999542236328,21300
3,13.020000457763672,13.020000457763672,2019-05-28,13.470000267028809,12.979999542236328,12.979999542236328,6900
4,13.138999938964844,13.138999938964844,2019-05-24,13.550000190734863,12.710000038146973,13.529999732971191,13500
5,13.489999771118164,13.489999771118164,2019-05-23,13.739999771118164,13.119999885559082,13.289999961853027,5800
6,13.399999618530273,13.399999618530273,2019-05-22,13.649999618530273,13.25,13.649999618530273,2800
7,13.65999984741211,13.65999984741211,2019-05-21,14.0,13.25,13.84000015258789,104700
8,13.5600004196167,13.5600004196167,2019-05-20,14.600000381469727,13.324000358581543,14.420000076293945,7200
9,14.40999984741211,14.40999984741211,2019-05-17,14.899999618530273,14.199999809265137,14.699999809265137,4700
10,14.789999961853027,14.789999961853027,2019-05-16,14.789999961853027,13.510000228881836,13.9399995803833,18100
11,13.850000381469727,13.850000381469727,2019-05-15,14.489999771118164,13.654999732971191,13.65999984741211,6300
12,13.890000343322754,13.890000343322754,2019-05-14,15.0,13.640000343322754,13.829999923706055,8400
13,13.619999885559082,13.619999885559082,2019-05-13,14.800000190734863,13.324999809265137,14.0600004196167,10300
14,14.420000076293945,14.420000076293945,2019-05-10,14.619999885559082,13.300000190734863,13.800000190734863,14100
15,13.75,13.75,2019-05-09,14.100000381469727,13.40999984741211,14.100000381469727,14900
16,14.1899995803833,14.1899995803833,2019-05-08,14.199999809265137,13.449999809265137,14.069999694824219,15100
17,14.050000190734863,14.050000190734863,2019-05-07,14.670000076293945,14.050000190734863,14.239999771118164,8300
18,14.300000190734863,14.300000190734863,2019-05-06,14.795000076293945,12.5,13.579999923706055,60100
19,14.800000190734863,14.800000190734863,2019-05-03,15.460000038146973,14.75,15.390000343322754,15300
20,15.470000267028809,15.470000267028809,2019-05-02,16.1200008392334,14.930999755859375,16.0,15700
21,15.670000076293945,15.670000076293945,2019-05-01,15.9399995803833,14.720000267028809,15.4399995803833,37500
22,15.4399995803833,15.4399995803833,2019-04-30,16.489999771118164,15.319999694824219,16.489999771118164,29300
23,16.489999771118164,16.489999771118164,2019-04-29,16.5,15.420000076293945,16.5,28100
24,16.233999252319336,16.233999252319336,2019-04-26,16.350000381469727,15.670000076293945,16.350000381469727,16200
25,16.290000915527344,16.290000915527344,2019-04-25,16.46500015258789,15.5,15.869999885559082,14400
26,15.890000343322754,15.890000343322754,2019-04-24,16.94700050354004,15.050000190734863,16.639999389648438,43900
27,15.899999618530273,15.899999618530273,2019-04-23,17.600000381469727,15.699999809265137,16.829999923706055,61000
28,16.829999923706055,16.829999923706055,2019-04-22,17.989999771118164,16.09000015258789,17.0,112600
29,15.699999809265137,15.699999809265137,2019-04-18,15.970000267028809,15.029999732971191,15.970000267028809,32700
30,15.149999618530273,15.149999618530273,2019-04-17,16.700000762939453,13.890000343322754,15.930000305175781,71200
31,16.489999771118164,16.489999771118164,2019-04-16,17.25,15.614999771118164,17.200000762939453,32600
32,16.450000762939453,16.450000762939453,2019-04-15,16.520000457763672,15.00100040435791,15.130000114440918,44600
33,14.720000267028809,14.720000267028809,2019-04-12,14.994999885559082,13.770000457763672,13.770000457763672,108200
34,13.569999694824219,13.569999694824219,2019-04-11,14.449999809265137,13.5,13.600000381469727,32900
35,13.5600004196167,13.5600004196167,2019-04-10,13.649999618530273,13.399999618530273,13.5,31000
36,13.149999618530273,13.149999618530273,2019-04-09,14.0,13.020000457763672,13.600000381469727,27300
37,13.649999618530273,13.649999618530273,2019-04-08,14.156000137329102,13.600000381469727,13.609999656677246,40800
38,13.609999656677246,13.609999656677246,2019-04-05,14.26099967956543,13.59000015258789,14.26099967956543,29600
39,13.550000190734863,13.550000190734863,2019-04-04,14.045000076293945,13.359999656677246,13.75,22100
40,13.609999656677246,13.609999656677246,2019-04-03,14.470000267028809,13.5,13.899999618530273,56700
41,13.0600004196167,13.0600004196167,2019-04-02,13.75,13.0600004196167,13.75,10700
42,13.770000457763672,13.770000457763672,2019-04-01,14.710000038146973,13.6899995803833,14.5,74700
43,14.770000457763672,14.770000457763672,2019-03-29,14.829999923706055,12.510000228881836,12.75,99100
44,12.75,12.75,2019-03-28,13.130000114440918,12.619999885559082,12.739999771118164,6800
45,12.59000015258789,12.59000015258789,2019-03-27,12.788000106811523,12.319999694824219,12.40999984741211,10100
46,11.960000038146973,11.960000038146973,2019-03-26,12.470000267028809,11.960000038146973,12.470000267028809,3400
47,12.489999771118164,12.489999771118164,2019-03-25,12.800000190734863,12.144000053405762,12.800000190734863,9800
48,12.84000015258789,12.84000015258789,2019-03-22,12.850000381469727,12.467000007629395,12.850000381469727,4100
49,12.890000343322754,12.890000343322754,2019-03-21,12.890000343322754,12.770000457763672,12.770000457763672,1700
50,12.850000381469727,12.850000381469727,2019-03-20,12.920000076293945,12.850000381469727,12.920000076293945,1700
51,12.539999961853027,12.539999961853027,2019-03-19,13.329999923706055,12.529999732971191,12.949999809265137,33900
52,12.739999771118164,12.739999771118164,2019-03-18,13.0,12.54800033569336,12.989999771118164,3500
53,12.949999809265137,12.949999809265137,2019-03-15,13.331999778747559,12.510000228881836,13.331999778747559,3300
54,13.130000114440918,13.130000114440918,2019-03-14,13.319999694824219,13.020000457763672,13.319999694824219,3800
55,13.170000076293945,13.170000076293945,2019-03-13,13.5,12.947999954223633,13.5,11700
56,13.449999809265137,13.449999809265137,2019-03-12,13.788999557495117,13.369999885559082,13.569999694824219,10200
57,13.654999732971191,13.654999732971191,2019-03-11,13.789999961853027,13.5,13.670000076293945,13000
58,13.5600004196167,13.5600004196167,2019-03-08,13.739999771118164,11.899999618530273,13.739999771118164,6100
59,13.75,13.75,2019-03-07,13.829999923706055,13.029999732971191,13.75,23600
60,13.75,13.75,2019-03-06,13.800000190734863,13.260000228881836,13.699999809265137,21500
61,13.350000381469727,13.350000381469727,2019-03-05,13.515000343322754,12.916999816894531,13.15999984741211,28500
62,12.84000015258789,12.84000015258789,2019-03-04,13.289999961853027,12.460000038146973,12.770000457763672,38000
63,12.75,12.75,2019-03-01,12.920000076293945,11.75,11.75,39700
64,11.680000305175781,11.680000305175781,2019-02-28,11.6899995803833,11.420000076293945,11.6899995803833,9800
65,11.59000015258789,11.59000015258789,2019-02-27,11.59000015258789,11.350000381469727,11.479999542236328,11400
66,11.350000381469727,11.350000381469727,2019-02-26,11.600000381469727,11.0,11.100000381469727,64900
67,11.100000381469727,11.100000381469727,2019-02-25,11.270000457763672,11.039999961853027,11.25,43400
68,11.09000015258789,11.09000015258789,2019-02-22,11.54699993133545,11.020000457763672,11.050000190734863,14900
69,11.199999809265137,11.199999809265137,2019-02-21,11.53600025177002,11.062000274658203,11.239999771118164,20500
70,11.15999984741211,11.15999984741211,2019-02-20,11.633000373840332,11.050000190734863,11.5,64000
71,11.5649995803833,11.5649995803833,2019-02-19,11.65999984741211,11.1899995803833,11.380000114440918,53500
72,11.359999656677246,11.359999656677246,2019-02-15,11.949999809265137,11.359999656677246,11.850000381469727,28900
73,11.9399995803833,11.9399995803833,2019-02-14,12.109999656677246,11.760000228881836,11.800000190734863,7900
74,11.8100004196167,11.8100004196167,2019-02-13,12.005000114440918,11.609999656677246,11.989999771118164,12000
75,12.0,12.0,2019-02-12,12.354000091552734,11.760000228881836,12.0,16800
76,11.8100004196167,11.8100004196167,2019-02-11,12.112000465393066,11.75,11.84000015258789,8600
77,12.0,12.0,2019-02-08,12.229999542236328,11.869999885559082,12.100000381469727,20600
78,12.199999809265137,12.199999809265137,2019-02-07,12.460000038146973,12.020000457763672,12.229999542236328,2800
79,12.149999618530273,12.149999618530273,2019-02-06,12.800000190734863,11.880000114440918,12.100000381469727,12300
80,12.010000228881836,12.010000228881836,2019-02-05,12.449999809265137,11.880000114440918,12.170000076293945,9900
81,12.199999809265137,12.199999809265137,2019-02-04,13.300000190734863,11.920000076293945,12.399999618530273,66100
82,12.279999732971191,12.279999732971191,2019-02-01,12.550000190734863,12.149999618530273,12.222000122070312,21200
83,12.109999656677246,12.109999656677246,2019-01-31,12.642999649047852,11.9399995803833,12.220000267028809,68400
84,12.300000190734863,12.300000190734863,2019-01-30,13.222000122070312,11.84000015258789,12.260000228881836,24000
85,12.300000190734863,12.300000190734863,2019-01-29,12.8100004196167,11.920000076293945,11.949999809265137,133200
86,11.8100004196167,11.8100004196167,2019-01-28,12.5,11.550000190734863,11.890000343322754,81400
87,11.920000076293945,11.920000076293945,2019-01-25,12.225000381469727,11.8100004196167,11.960000038146973,10900
88,11.890000343322754,11.890000343322754,2019-01-24,12.718000411987305,11.789999961853027,12.317999839782715,12700
89,11.899999618530273,11.899999618530273,2019-01-23,13.359999656677246,11.899999618530273,12.550000190734863,34400
90,12.300000190734863,12.300000190734863,2019-01-22,13.270000457763672,12.079999923706055,12.869999885559082,9500
91,12.899999618530273,12.899999618530273,2019-01-18,13.300000190734863,12.399999618530273,12.829999923706055,59000
92,12.800000190734863,12.800000190734863,2019-01-17,13.5,12.800000190734863,13.199999809265137,58200
93,13.260000228881836,13.260000228881836,2019-01-16,13.850000381469727,12.800000190734863,13.520000457763672,49300
94,13.550000190734863,13.550000190734863,2019-01-15,14.5,13.550000190734863,14.352999687194824,44800
95,14.65999984741211,14.65999984741211,2019-01-14,15.1899995803833,14.368000030517578,15.180000305175781,42200
96,15.800000190734863,15.800000190734863,2019-01-11,15.84000015258789,14.4399995803833,14.630000114440918,21400
97,14.390000343322754,14.390000343322754,2019-01-10,16.350000381469727,14.380000114440918,15.779999732971191,32900
98,15.699999809265137,15.699999809265137,2019-01-09,17.201000213623047,15.569999694824219,16.15999984741211,35400
99,15.829999923706055,15.829999923706055,2019-01-08,17.75,15.539999961853027,15.539999961853027,36000
100,15.449999809265137,15.449999809265137,2019-01-07,17.399999618530273,15.0,15.0,58100
101,14.289999961853027,14.289999961853027,2019-01-04,14.619999885559082,13.34000015258789,13.34000015258789,21400
102,13.4399995803833,13.4399995803833,2019-01-03,14.239999771118164,13.09000015258789,14.239999771118164,21300
103,14.300000190734863,14.300000190734863,2019-01-02,15.4399995803833,13.548999786376953,14.0,15000
104,14.0,14.0,2018-12-31,14.0,12.789999961853027,13.9399995803833,52500
105,13.729999542236328,13.729999542236328,2018-12-28,14.050000190734863,12.0,12.539999961853027,30100
106,12.800000190734863,12.800000190734863,2018-12-27,13.5600004196167,11.928000450134277,13.390000343322754,25400
107,13.399999618530273,13.399999618530273,2018-12-26,14.34000015258789,13.390000343322754,13.960000038146973,45800
108,13.96500015258789,13.96500015258789,2018-12-24,13.96500015258789,11.892999649047852,12.960000038146973,14900
109,13.270000457763672,13.270000457763672,2018-12-21,13.640000343322754,11.399999618530273,11.5,63200
110,11.539999961853027,11.539999961853027,2018-12-20,12.800999641418457,11.279999732971191,12.6899995803833,116600
111,12.569999694824219,12.569999694824219,2018-12-19,12.699999809265137,11.550000190734863,12.300000190734863,120900
112,12.15999984741211,12.15999984741211,2018-12-18,12.574999809265137,11.562999725341797,12.380000114440918,14500
113,12.270000457763672,12.270000457763672,2018-12-17,12.470000267028809,11.550000190734863,12.470000267028809,28300
114,12.460000038146973,12.460000038146973,2018-12-14,12.5600004196167,11.680000305175781,11.949999809265137,7900
115,12.039999961853027,12.039999961853027,2018-12-13,12.40999984741211,11.869999885559082,12.40999984741211,28100
116,12.399999618530273,12.399999618530273,2018-12-12,13.149999618530273,11.65999984741211,12.09000015258789,17000
117,12.130000114440918,12.130000114440918,2018-12-11,12.229999542236328,11.550000190734863,11.760000228881836,22300
118,11.640000343322754,11.640000343322754,2018-12-10,12.64799976348877,11.550000190734863,11.550000190734863,11100
119,11.569999694824219,11.569999694824219,2018-12-07,12.994999885559082,11.475000381469727,11.520000457763672,88600
120,11.460000038146973,11.460000038146973,2018-12-06,11.850000381469727,11.119999885559082,11.630000114440918,17100
121,11.899999618530273,11.899999618530273,2018-12-04,12.850000381469727,11.0,12.649999618530273,647700
122,12.5600004196167,12.5600004196167,2018-12-03,13.430000305175781,12.390000343322754,12.425999641418457,19100
123,12.40999984741211,12.40999984741211,2018-11-30,13.470000267028809,12.260000228881836,12.670000076293945,31500
124,12.8100004196167,12.8100004196167,2018-11-29,13.244999885559082,12.649999618530273,12.800000190734863,9000
125,12.75,12.75,2018-11-28,13.350000381469727,12.270000457763672,12.550000190734863,6300
126,12.59000015258789,12.59000015258789,2018-11-27,13.177000045776367,12.579999923706055,12.819999694824219,15100
127,12.90999984741211,12.90999984741211,2018-11-26,15.0,12.699999809265137,14.779999732971191,35800
128,14.510000228881836,14.510000228881836,2018-11-23,15.050000190734863,14.510000228881836,14.729999542236328,1100
129,14.979999542236328,14.979999542236328,2018-11-21,16.420000076293945,14.350000381469727,15.09000015258789,9700
130,15.09000015258789,15.09000015258789,2018-11-20,15.479999542236328,14.67199993133545,15.369999885559082,5200
131,15.5600004196167,15.5600004196167,2018-11-19,16.469999313354492,13.793999671936035,13.949999809265137,61800
132,14.0600004196167,14.0600004196167,2018-11-16,14.930000305175781,13.649999618530273,14.140000343322754,27400
133,14.239999771118164,14.239999771118164,2018-11-15,14.239999771118164,13.506999969482422,13.649999618530273,25000
134,13.529999732971191,13.529999732971191,2018-11-14,14.968000411987305,13.529999732971191,13.920000076293945,16500
135,13.930000305175781,13.930000305175781,2018-11-13,15.482999801635742,13.3100004196167,13.899999618530273,216700
136,13.829999923706055,13.829999923706055,2018-11-12,14.710000038146973,13.4399995803833,13.4399995803833,24700
137,13.75,13.75,2018-11-09,15.25,13.75,14.779999732971191,16800
138,15.100000381469727,15.100000381469727,2018-11-08,15.550000190734863,13.640999794006348,14.210000038146973,20400
139,14.300000190734863,14.300000190734863,2018-11-07,14.989999771118164,14.140000343322754,14.970000267028809,68500
140,14.819999694824219,14.819999694824219,2018-11-06,15.430000305175781,14.699999809265137,14.789999961853027,6300
141,14.829999923706055,14.829999923706055,2018-11-05,15.399999618530273,13.979999542236328,15.020000457763672,10700
142,15.09000015258789,15.09000015258789,2018-11-02,15.270000457763672,14.90999984741211,15.0,39500
143,14.600000381469727,14.600000381469727,2018-11-01,15.479999542236328,13.210000038146973,15.0,17000
144,15.0,15.0,2018-10-31,15.609999656677246,12.800000190734863,12.800000190734863,24400
145,12.760000228881836,12.760000228881836,2018-10-30,13.40999984741211,12.300000190734863,13.40999984741211,22500
146,13.479999542236328,13.479999542236328,2018-10-29,14.039999961853027,13.119999885559082,14.029999732971191,19200
147,13.720000267028809,13.720000267028809,2018-10-26,14.979999542236328,13.550000190734863,14.420000076293945,24000
148,14.619999885559082,14.619999885559082,2018-10-25,15.1899995803833,13.732999801635742,14.25,31000
149,14.010000228881836,14.010000228881836,2018-10-24,15.789999961853027,13.899999618530273,14.680000305175781,13400
150,14.960000038146973,14.960000038146973,2018-10-23,15.140000343322754,12.0,15.0,30500
151,15.289999961853027,15.289999961853027,2018-10-22,16.489999771118164,15.194999694824219,16.229999542236328,17700
152,16.200000762939453,16.200000762939453,2018-10-19,17.479999542236328,16.0,17.309999465942383,14700
153,17.100000381469727,17.100000381469727,2018-10-18,17.440000534057617,16.573999404907227,16.639999389648438,23900
154,16.899999618530273,16.899999618530273,2018-10-17,16.899999618530273,15.805999755859375,16.290000915527344,7400
155,16.389999389648438,16.389999389648438,2018-10-16,17.440000534057617,15.779999732971191,15.869999885559082,20600
156,15.84000015258789,15.84000015258789,2018-10-15,16.100000381469727,15.569999694824219,15.6899995803833,8400
157,15.710000038146973,15.710000038146973,2018-10-12,16.75,15.710000038146973,16.170000076293945,14400
158,16.030000686645508,16.030000686645508,2018-10-11,16.718000411987305,15.399999618530273,15.399999618530273,20600
159,16.0,16.0,2018-10-10,17.299999237060547,16.0,17.299999237060547,26200
160,17.1299991607666,17.1299991607666,2018-10-09,18.18000030517578,15.569999694824219,18.0,148800
161,18.190000534057617,18.190000534057617,2018-10-08,18.850000381469727,18.18000030517578,18.829999923706055,30200
162,19.0,19.0,2018-10-05,20.049999237060547,18.639999389648438,20.049999237060547,23200
163,19.59000015258789,19.59000015258789,2018-10-04,20.799999237060547,19.264999389648438,20.799999237060547,33400
164,20.809999465942383,20.809999465942383,2018-10-03,20.950000762939453,19.43000030517578,19.739999771118164,29700
165,19.809999465942383,19.809999465942383,2018-10-02,20.079999923706055,19.400999069213867,20.079999923706055,20300
166,20.040000915527344,20.040000915527344,2018-10-01,20.5,19.84000015258789,19.989999771118164,34000
167,19.739999771118164,19.739999771118164,2018-09-28,20.405000686645508,18.799999237060547,18.93000030517578,81600
168,18.899999618530273,18.899999618530273,2018-09-27,19.243000030517578,18.899999618530273,19.010000228881836,45400
169,18.940000534057617,18.940000534057617,2018-09-26,19.525999069213867,18.940000534057617,18.989999771118164,13500
170,19.200000762939453,19.200000762939453,2018-09-25,19.700000762939453,19.06999969482422,19.190000534057617,11100
171,19.0,19.0,2018-09-24,19.43000030517578,18.899999618530273,18.899999618530273,33400
172,19.0,19.0,2018-09-21,20.145000457763672,19.0,19.690000534057617,82300
173,19.360000610351562,19.360000610351562,2018-09-20,20.25,19.209999084472656,19.700000762939453,14600
174,19.729999542236328,19.729999542236328,2018-09-19,20.07699966430664,19.149999618530273,19.149999618530273,20700
175,19.219999313354492,19.219999313354492,2018-09-18,20.360000610351562,19.200000762939453,19.729999542236328,43300
176,19.829999923706055,19.829999923706055,2018-09-17,21.0,19.6200008392334,20.899999618530273,22300
177,21.0,21.0,2018-09-14,21.0,19.6200008392334,19.969999313354492,90600
178,19.989999771118164,19.989999771118164,2018-09-13,20.959999084472656,19.540000915527344,20.649999618530273,34200
179,20.40999984741211,20.40999984741211,2018-09-12,20.84000015258789,19.440000534057617,20.139999389648438,16200
180,20.049999237060547,20.049999237060547,2018-09-11,20.149999618530273,19.114999771118164,19.690000534057617,21600
181,19.459999084472656,19.459999084472656,2018-09-10,19.600000381469727,19.06999969482422,19.469999313354492,13500
182,19.280000686645508,19.280000686645508,2018-09-07,19.889999389648438,19.0049991607666,19.700000762939453,18200
183,19.579999923706055,19.579999923706055,2018-09-06,20.079999923706055,19.0,20.079999923706055,67500
184,20.540000915527344,20.540000915527344,2018-09-05,21.290000915527344,20.309999465942383,20.65999984741211,30700
185,21.0,21.0,2018-09-04,21.75,20.295000076293945,21.360000610351562,69400
186,21.43000030517578,21.43000030517578,2018-08-31,21.489999771118164,19.5,20.5,109600
187,20.34000015258789,20.34000015258789,2018-08-30,20.81999969482422,19.459999084472656,19.739999771118164,53100
188,19.90999984741211,19.90999984741211,2018-08-29,20.360000610351562,19.190000534057617,19.780000686645508,76500
189,19.860000610351562,19.860000610351562,2018-08-28,20.0,18.760000228881836,18.760000228881836,48000
190,18.920000076293945,18.920000076293945,2018-08-27,20.100000381469727,18.75,20.049999237060547,31400
191,19.860000610351562,19.860000610351562,2018-08-24,22.399999618530273,19.739999771118164,22.399999618530273,57900
192,22.170000076293945,22.170000076293945,2018-08-23,22.459999084472656,20.780000686645508,21.09000015258789,94500
193,21.399999618530273,21.399999618530273,2018-08-22,22.059999465942383,19.024999618530273,19.110000610351562,82900
194,19.299999237060547,19.299999237060547,2018-08-21,19.600000381469727,19.1200008392334,19.1200008392334,15100
195,19.1200008392334,19.1200008392334,2018-08-20,20.072999954223633,18.5,19.0,68800
196,19.100000381469727,19.100000381469727,2018-08-17,20.360000610351562,19.0,19.0,66600
197,20.260000228881836,20.260000228881836,2018-08-16,20.260000228881836,18.989999771118164,19.059999465942383,86300
198,18.729999542236328,18.729999542236328,2018-08-15,19.079999923706055,18.5,18.549999237060547,14300
199,18.469999313354492,18.469999313354492,2018-08-14,19.225000381469727,18.100000381469727,18.610000610351562,69500
200,18.700000762939453,18.700000762939453,2018-08-13,19.110000610351562,18.049999237060547,18.950000762939453,32400
201,18.809999465942383,18.809999465942383,2018-08-10,19.479999542236328,18.649999618530273,19.479999542236328,19200
202,19.229999542236328,19.229999542236328,2018-08-09,20.549999237060547,18.684999465942383,20.09000015258789,31000
203,19.93000030517578,19.93000030517578,2018-08-08,20.549999237060547,19.700000762939453,20.479999542236328,10900
204,20.6200008392334,20.6200008392334,2018-08-07,20.829999923706055,19.551000595092773,20.600000381469727,25800
205,20.40999984741211,20.40999984741211,2018-08-06,20.829999923706055,19.68000030517578,19.850000381469727,64200
206,20.010000228881836,20.010000228881836,2018-08-03,20.40999984741211,19.0,19.0,72600
207,19.68000030517578,19.68000030517578,2018-08-02,22.299999237060547,19.5,22.299999237060547,98200
208,22.299999237060547,22.299999237060547,2018-08-01,22.790000915527344,22.299999237060547,22.639999389648438,14000
209,22.350000381469727,22.350000381469727,2018-07-31,22.989999771118164,21.56999969482422,22.190000534057617,38100
210,21.959999084472656,21.959999084472656,2018-07-30,22.799999237060547,21.549999237060547,22.049999237060547,58800
211,22.049999237060547,22.049999237060547,2018-07-27,23.209999084472656,21.959999084472656,22.229999542236328,24400
212,21.93000030517578,21.93000030517578,2018-07-26,22.420000076293945,21.799999237060547,22.0,60800
213,22.290000915527344,22.290000915527344,2018-07-25,23.75,21.420000076293945,23.75,72300
214,23.0,23.0,2018-07-24,23.049999237060547,21.01099967956543,22.59000015258789,63000
215,22.639999389648438,22.639999389648438,2018-07-23,23.299999237060547,22.639999389648438,23.299999237060547,22300
216,23.299999237060547,23.299999237060547,2018-07-20,24.3700008392334,23.100000381469727,23.5,14000
217,23.780000686645508,23.780000686645508,2018-07-19,24.649999618530273,23.780000686645508,24.649999618530273,9300
218,24.489999771118164,24.489999771118164,2018-07-18,24.8799991607666,24.25,24.420000076293945,24900
219,24.399999618530273,24.399999618530273,2018-07-17,24.649999618530273,23.200000762939453,24.649999618530273,23300
220,24.639999389648438,24.639999389648438,2018-07-16,25.639999389648438,24.31999969482422,25.549999237060547,56000
221,25.329999923706055,25.329999923706055,2018-07-13,26.06999969482422,24.6200008392334,26.014999389648438,17300
222,25.979999542236328,25.979999542236328,2018-07-12,26.100000381469727,25.290000915527344,25.989999771118164,28300
223,25.6200008392334,25.6200008392334,2018-07-11,26.295000076293945,25.020000457763672,26.2549991607666,25700
224,26.389999389648438,26.389999389648438,2018-07-10,26.739999771118164,25.222999572753906,25.790000915527344,82600
225,25.56999969482422,25.56999969482422,2018-07-09,26.34000015258789,25.0,25.56999969482422,80100
226,25.760000228881836,25.760000228881836,2018-07-06,26.100000381469727,24.479999542236328,25.34000015258789,63800
227,25.260000228881836,25.260000228881836,2018-07-05,25.489999771118164,24.0,24.75,49200
228,24.479999542236328,24.479999542236328,2018-07-03,24.549999237060547,23.5,23.790000915527344,29600
229,23.549999237060547,23.549999237060547,2018-07-02,24.049999237060547,22.020000457763672,22.5,56700
230,22.760000228881836,22.760000228881836,2018-06-29,23.020000457763672,20.989999771118164,21.34000015258789,125600
231,21.1299991607666,21.1299991607666,2018-06-28,21.25,20.415000915527344,21.0,46200
232,20.940000534057617,20.940000534057617,2018-06-27,21.0,20.649999618530273,20.75,11300
233,20.829999923706055,20.829999923706055,2018-06-26,20.899999618530273,20.360000610351562,20.459999084472656,19700
234,20.299999237060547,20.299999237060547,2018-06-25,22.0,20.299999237060547,22.0,30700
235,22.059999465942383,22.059999465942383,2018-06-22,22.969999313354492,21.25,22.709999084472656,38300
236,22.469999313354492,22.469999313354492,2018-06-21,22.950000762939453,22.059999465942383,22.6200008392334,35100
237,22.489999771118164,22.489999771118164,2018-06-20,22.920000076293945,22.1200008392334,22.329999923706055,50500
238,22.010000228881836,22.010000228881836,2018-06-19,22.020000457763672,21.700000762939453,21.950000762939453,59500
239,21.760000228881836,21.760000228881836,2018-06-18,21.760000228881836,20.643999099731445,20.643999099731445,51800
240,20.6299991607666,20.6299991607666,2018-06-15,20.790000915527344,19.350000381469727,19.3799991607666,1386900
241,19.780000686645508,19.780000686645508,2018-06-14,19.93000030517578,19.579999923706055,19.770000457763672,22400
242,19.6200008392334,19.6200008392334,2018-06-13,19.729999542236328,19.309999465942383,19.309999465942383,17100
243,19.40999984741211,19.40999984741211,2018-06-12,19.549999237060547,19.059999465942383,19.190000534057617,11500
244,19.114999771118164,19.114999771118164,2018-06-11,19.190000534057617,18.899999618530273,19.1200008392334,25900
245,18.99799919128418,18.99799919128418,2018-06-08,19.190000534057617,18.520000457763672,18.770000457763672,21000
246,18.885000228881836,18.885000228881836,2018-06-07,18.979999542236328,18.5,18.719999313354492,16800
247,18.84000015258789,18.84000015258789,2018-06-06,18.969999313354492,18.639999389648438,18.690000534057617,7800
248,18.559999465942383,18.559999465942383,2018-06-05,18.941999435424805,18.25,18.25,20000
249,18.459999084472656,18.459999084472656,2018-06-04,18.78499984741211,18.049999237060547,18.540000915527344,44300
250,18.420000076293945,18.420000076293945,2018-06-01,18.969999313354492,18.100000381469727,18.6200008392334,21400
251,18.700000762939453,18.700000762939453,2018-05-31,18.75,18.040000915527344,18.75,10900
252,18.68000030517578,18.68000030517578,2018-05-30,18.809999465942383,17.950000762939453,18.229999542236328,37200
253,17.989999771118164,17.989999771118164,2018-05-29,18.969999313354492,17.700000762939453,18.969999313354492,13300
254,18.829999923706055,18.829999923706055,2018-05-25,19.850000381469727,18.3700008392334,19.299999237060547,19100
255,19.219999313354492,19.219999313354492,2018-05-24,20.235000610351562,18.110000610351562,19.1299991607666,42200
256,19.100000381469727,19.100000381469727,2018-05-23,19.520000457763672,18.600000381469727,18.600000381469727,23500
257,18.479999542236328,18.479999542236328,2018-05-22,18.479999542236328,17.899999618530273,18.219999313354492,22100
258,18.0,18.0,2018-05-21,18.1299991607666,17.90999984741211,17.920000076293945,35600
259,17.90999984741211,17.90999984741211,2018-05-18,18.100000381469727,17.90999984741211,17.920000076293945,31700
260,17.81999969482422,17.81999969482422,2018-05-17,17.969999313354492,17.520000457763672,17.520999908447266,15800
261,17.729999542236328,17.729999542236328,2018-05-16,17.760000228881836,17.0,17.030000686645508,29600
262,17.0,17.0,2018-05-15,17.25,16.90999984741211,17.25,14900
263,17.200000762939453,17.200000762939453,2018-05-14,17.450000762939453,17.100000381469727,17.149999618530273,14700
264,16.989999771118164,16.989999771118164,2018-05-11,17.239999771118164,16.8799991607666,17.09000015258789,8600
265,17.15999984741211,17.15999984741211,2018-05-10,17.84000015258789,16.559999465942383,17.799999237060547,16600
266,17.8799991607666,17.8799991607666,2018-05-09,18.0,17.75,17.75,13200
267,17.899999618530273,17.899999618530273,2018-05-08,17.899999618530273,17.347999572753906,17.351999282836914,15600
268,17.290000915527344,17.290000915527344,2018-05-07,17.739999771118164,17.200000762939453,17.450000762939453,18300
269,17.34000015258789,17.34000015258789,2018-05-04,17.68000030517578,17.1200008392334,17.600000381469727,19200
270,17.5,17.5,2018-05-03,18.0,17.5,18.0,16500
271,17.969999313354492,17.969999313354492,2018-05-02,18.299999237060547,17.690000534057617,18.1200008392334,29900
272,18.260000228881836,18.260000228881836,2018-05-01,18.260000228881836,16.920000076293945,18.0,27200
273,17.989999771118164,17.989999771118164,2018-04-30,18.0,16.889999389648438,18.0,37600
274,18.100000381469727,18.100000381469727,2018-04-27,18.239999771118164,17.799999237060547,17.950000762939453,11300
275,18.079999923706055,18.079999923706055,2018-04-26,18.239999771118164,17.469999313354492,17.469999313354492,219900
276,17.639999389648438,17.639999389648438,2018-04-25,17.684999465942383,16.90999984741211,16.979999542236328,18900
277,17.110000610351562,17.110000610351562,2018-04-24,17.25,16.940000534057617,16.969999313354492,22500
278,17.030000686645508,17.030000686645508,2018-04-23,17.25,16.905000686645508,17.25,41700
279,17.489999771118164,17.489999771118164,2018-04-20,17.5,16.959999084472656,16.989999771118164,12000
280,17.110000610351562,17.110000610351562,2018-04-19,17.239999771118164,16.8799991607666,16.969999313354492,20100
281,16.770000457763672,16.770000457763672,2018-04-18,17.809999465942383,16.65999984741211,17.649999618530273,13200
282,17.68000030517578,17.68000030517578,2018-04-17,17.950000762939453,17.670000076293945,17.770000457763672,9300
283,17.81999969482422,17.81999969482422,2018-04-16,18.25,17.725000381469727,18.25,9100
284,18.049999237060547,18.049999237060547,2018-04-13,18.25,17.913999557495117,18.049999237060547,21100
285,18.170000076293945,18.170000076293945,2018-04-12,18.25,17.600000381469727,17.729999542236328,14300
286,17.809999465942383,17.809999465942383,2018-04-11,18.399999618530273,17.709999084472656,17.959999084472656,19900
287,18.15999984741211,18.15999984741211,2018-04-10,18.350000381469727,17.6299991607666,17.860000610351562,19500
288,17.510000228881836,17.510000228881836,2018-04-09,17.889999389648438,16.899999618530273,17.270000457763672,16700
289,16.90999984741211,16.90999984741211,2018-04-06,18.25,16.889999389648438,18.25,36500
290,17.969999313354492,17.969999313354492,2018-04-05,18.79400062561035,17.440000534057617,18.469999313354492,48100
291,18.25,18.25,2018-04-04,18.850000381469727,17.649999618530273,18.600000381469727,41000
292,18.75,18.75,2018-04-03,18.959999084472656,18.052000045776367,18.239999771118164,47300
293,18.209999084472656,18.209999084472656,2018-04-02,18.979999542236328,18.110000610351562,18.6200008392334,35500
294,18.530000686645508,18.530000686645508,2018-03-29,19.1200008392334,17.799999237060547,18.40999984741211,28400
295,18.959999084472656,18.959999084472656,2018-03-28,18.989999771118164,17.5,17.5,92800
296,17.5,17.5,2018-03-27,17.899999618530273,17.25,17.81999969482422,3500
297,17.8700008392334,17.8700008392334,2018-03-26,17.979999542236328,17.170000076293945,17.864999771118164,18500
298,17.834999084472656,17.834999084472656,2018-03-23,18.139999389648438,17.520000457763672,17.780000686645508,22800
299,17.86199951171875,17.86199951171875,2018-03-22,19.149999618530273,17.690000534057617,18.038999557495117,16800
300,18.309999465942383,18.309999465942383,2018-03-21,18.329999923706055,17.540000915527344,17.790000915527344,13700
301,17.670000076293945,17.670000076293945,2018-03-20,18.15999984741211,17.479999542236328,18.139999389648438,13100
302,18.190000534057617,18.190000534057617,2018-03-19,18.424999237060547,17.299999237060547,18.211000442504883,22800
303,18.389999389648438,18.389999389648438,2018-03-16,18.698999404907227,18.3799991607666,18.698999404907227,9400
304,18.6299991607666,18.6299991607666,2018-03-15,19.950000762939453,18.010000228881836,19.790000915527344,27700
305,19.739999771118164,19.739999771118164,2018-03-14,20.25,19.59000015258789,20.0,25900
306,19.729999542236328,19.729999542236328,2018-03-13,20.5,19.280000686645508,20.219999313354492,34200
307,19.8700008392334,19.8700008392334,2018-03-12,20.0,19.489999771118164,20.0,39200
308,19.670000076293945,19.670000076293945,2018-03-09,19.940000534057617,19.399999618530273,19.399999618530273,35300
309,19.399999618530273,19.399999618530273,2018-03-08,19.5,18.34000015258789,18.34000015258789,62000
310,18.459999084472656,18.459999084472656,2018-03-07,18.93000030517578,17.850000381469727,17.850000381469727,39900
311,17.889999389648438,17.889999389648438,2018-03-06,18.18000030517578,17.649999618530273,17.649999618530273,21900
312,17.850000381469727,17.850000381469727,2018-03-05,18.190000534057617,17.71500015258789,18.13599967956543,50000
313,18.0,18.0,2018-03-02,18.040000915527344,17.270000457763672,17.989999771118164,25100
314,17.93000030517578,17.93000030517578,2018-03-01,18.5,17.350000381469727,17.81999969482422,572900
315,17.510000228881836,17.510000228881836,2018-02-28,17.809999465942383,17.059999465942383,17.799999237060547,21100
316,17.809999465942383,17.809999465942383,2018-02-27,18.09000015258789,17.799999237060547,18.049999237060547,18100
317,17.90999984741211,17.90999984741211,2018-02-26,18.11400032043457,17.850000381469727,17.899999618530273,36000
318,17.969999313354492,17.969999313354492,2018-02-23,18.100000381469727,17.959999084472656,18.059999465942383,28300
319,17.969999313354492,17.969999313354492,2018-02-22,18.139999389648438,17.940000534057617,18.010000228881836,30800
320,17.940000534057617,17.940000534057617,2018-02-21,18.1200008392334,17.799999237060547,17.860000610351562,35300
321,18.014999389648438,18.014999389648438,2018-02-20,18.100000381469727,17.850000381469727,17.950000762939453,120900
322,17.81999969482422,17.81999969482422,2018-02-16,18.149999618530273,17.760000228881836,18.0,54900
323,18.0,18.0,2018-02-15,18.149999618530273,17.760000228881836,18.0,51000
324,17.790000915527344,17.790000915527344,2018-02-14,18.280000686645508,17.434999465942383,17.600000381469727,44200
325,16.5,16.5,2018-02-13,16.90999984741211,15.574999809265137,16.3799991607666,7000
326,16.329999923706055,16.329999923706055,2018-02-12,17.229999542236328,16.09000015258789,16.3799991607666,13700
327,16.06999969482422,16.06999969482422,2018-02-09,16.549999237060547,15.095000267028809,16.385000228881836,27000
328,16.3700008392334,16.3700008392334,2018-02-08,17.25,16.030000686645508,17.25,18000
329,17.170000076293945,17.170000076293945,2018-02-07,18.770000457763672,16.90999984741211,17.850000381469727,16800
330,17.65999984741211,17.65999984741211,2018-02-06,17.799999237060547,16.989999771118164,16.989999771118164,18100
331,17.40999984741211,17.40999984741211,2018-02-05,18.0,17.010000228881836,18.0,18300
332,17.860000610351562,17.860000610351562,2018-02-02,19.5,17.5,18.0,19600
333,18.270000457763672,18.270000457763672,2018-02-01,18.649999618530273,18.020000457763672,18.600000381469727,23000
334,18.579999923706055,18.579999923706055,2018-01-31,19.0,18.5,18.989999771118164,56200
335,18.850000381469727,18.850000381469727,2018-01-30,19.858999252319336,18.809999465942383,19.829999923706055,27300
336,19.600000381469727,19.600000381469727,2018-01-29,19.986000061035156,18.979999542236328,18.979999542236328,65800
337,18.829999923706055,18.829999923706055,2018-01-26,19.329999923706055,18.5,19.219999313354492,31800
338,18.829999923706055,18.829999923706055,2018-01-25,19.444000244140625,18.389999389648438,18.709999084472656,43300
339,18.56999969482422,18.56999969482422,2018-01-24,18.75,17.979999542236328,18.649999618530273,16300
340,18.3799991607666,18.3799991607666,2018-01-23,18.889999389648438,18.0,18.729999542236328,12500
341,18.729999542236328,18.729999542236328,2018-01-22,18.739999771118164,18.360000610351562,18.559999465942383,5100
342,18.40999984741211,18.40999984741211,2018-01-19,18.690000534057617,17.540000915527344,18.0,44700
343,18.219999313354492,18.219999313354492,2018-01-18,18.979999542236328,18.020000457763672,18.75,21500
344,18.729999542236328,18.729999542236328,2018-01-17,19.604999542236328,18.0,18.43000030517578,21400
345,18.190000534057617,18.190000534057617,2018-01-16,19.110000610351562,18.110000610351562,19.110000610351562,8700
346,18.850000381469727,18.850000381469727,2018-01-12,19.940000534057617,18.51799964904785,19.06999969482422,27400
347,19.09000015258789,19.09000015258789,2018-01-11,19.200000762939453,18.0,18.5,21200
348,18.350000381469727,18.350000381469727,2018-01-10,18.40999984741211,17.899999618530273,18.40999984741211,11400
349,18.079999923706055,18.079999923706055,2018-01-09,18.479999542236328,17.5,17.739999771118164,28500
350,17.520000457763672,17.520000457763672,2018-01-08,18.729999542236328,17.520000457763672,17.799999237060547,24800
351,18.25,18.25,2018-01-05,18.340999603271484,17.59000015258789,17.790000915527344,26800
352,17.729999542236328,17.729999542236328,2018-01-04,18.450000762939453,16.950000762939453,18.450000762939453,29900
353,17.489999771118164,17.489999771118164,2018-01-03,17.979999542236328,16.3799991607666,16.3799991607666,23200
354,16.389999389648438,16.389999389648438,2018-01-02,18.6299991607666,14.899999618530273,18.6299991607666,114000
355,19.399999618530273,19.399999618530273,2017-12-29,19.399999618530273,16.5,16.600000381469727,32600
356,16.649999618530273,16.649999618530273,2017-12-28,16.899999618530273,15.699999809265137,16.0,23500
357,15.3100004196167,15.3100004196167,2017-12-27,16.510000228881836,15.170000076293945,15.449999809265137,48500
358,15.260000228881836,15.260000228881836,2017-12-26,15.420000076293945,14.960000038146973,15.25,14500
359,15.079999923706055,15.079999923706055,2017-12-22,15.479999542236328,14.960000038146973,15.119999885559082,57600
360,14.859999656677246,14.859999656677246,2017-12-21,15.399999618530273,14.84000015258789,14.989999771118164,15200
361,15.140000343322754,15.140000343322754,2017-12-20,15.399999618530273,14.75,15.050000190734863,86400
362,14.979999542236328,14.979999542236328,2017-12-19,15.050000190734863,14.609999656677246,15.0,30200
363,14.90999984741211,14.90999984741211,2017-12-18,15.109999656677246,14.770000457763672,14.899999618530273,17900
364,14.680000305175781,14.680000305175781,2017-12-15,14.795000076293945,14.4399995803833,14.5,7100
365,14.229999542236328,14.229999542236328,2017-12-14,15.0,14.229999542236328,14.640000343322754,11200
366,14.5,14.5,2017-12-13,14.979999542236328,14.5,14.800000190734863,7000
367,14.550000190734863,14.550000190734863,2017-12-12,14.989999771118164,14.520000457763672,14.59000015258789,9800
368,14.829999923706055,14.829999923706055,2017-12-11,15.0,14.6899995803833,14.979999542236328,6200
369,14.630000114440918,14.630000114440918,2017-12-08,15.0,14.399999618530273,14.899999618530273,13300
370,15.25,15.25,2017-12-07,15.25,14.449999809265137,14.545000076293945,13400
371,14.350000381469727,14.350000381469727,2017-12-06,15.289999961853027,14.199999809265137,15.289999961853027,20700
372,15.229999542236328,15.229999542236328,2017-12-05,15.600000381469727,15.09000015258789,15.449999809265137,19700
373,15.609999656677246,15.609999656677246,2017-12-04,16.81999969482422,15.319999694824219,16.690000534057617,53400
374,16.450000762939453,16.450000762939453,2017-12-01,17.584999084472656,16.450000762939453,17.559999465942383,44100
375,17.59000015258789,17.59000015258789,2017-11-30,17.600000381469727,15.390999794006348,17.1200008392334,59300
376,17.700000762939453,17.700000762939453,2017-11-29,17.700000762939453,16.899999618530273,17.100000381469727,20900
377,17.690000534057617,17.690000534057617,2017-11-28,18.43600082397461,17.329999923706055,18.43600082397461,11600
378,18.299999237060547,18.299999237060547,2017-11-27,18.299999237060547,17.405000686645508,17.413000106811523,64600
379,17.1299991607666,17.1299991607666,2017-11-24,17.764999389648438,16.969999313354492,17.440000534057617,16600
380,17.399999618530273,17.399999618530273,2017-11-22,17.399999618530273,16.5,16.5,38800
381,16.540000915527344,16.540000915527344,2017-11-21,16.690000534057617,15.640000343322754,15.640000343322754,83100
382,15.319999694824219,15.319999694824219,2017-11-20,16.450000762939453,15.319999694824219,15.65999984741211,28100
383,15.880000114440918,15.880000114440918,2017-11-17,16.732999801635742,15.880000114440918,16.700000762939453,5900
384,15.87399959564209,15.87399959564209,2017-11-16,16.469999313354492,15.25,15.25,28300
385,15.0,15.0,2017-11-15,15.420000076293945,14.90999984741211,15.319999694824219,15300
386,15.390000343322754,15.390000343322754,2017-11-14,15.989999771118164,14.569999694824219,15.510000228881836,38100
387,15.670000076293945,15.670000076293945,2017-11-13,16.309999465942383,15.5,15.869999885559082,38900
388,15.829999923706055,15.829999923706055,2017-11-10,16.079999923706055,15.75,15.989999771118164,19100
389,15.946999549865723,15.946999549865723,2017-11-09,16.170000076293945,15.75,15.75,13600
390,15.65999984741211,15.65999984741211,2017-11-08,16.916000366210938,15.3100004196167,15.850000381469727,21200
391,15.65999984741211,15.65999984741211,2017-11-07,16.239999771118164,15.5,16.200000762939453,12100
392,16.0,16.0,2017-11-06,16.15999984741211,15.5,15.5,9800
393,15.420000076293945,15.420000076293945,2017-11-03,15.5,14.729999542236328,15.079999923706055,12500
394,15.4399995803833,15.4399995803833,2017-11-02,15.729999542236328,14.045999526977539,15.119999885559082,21900
395,15.260000228881836,15.260000228881836,2017-11-01,16.299999237060547,15.0,15.40999984741211,25900
396,15.8100004196167,15.8100004196167,2017-10-31,16.760000228881836,15.779999732971191,16.558000564575195,16200
397,16.3799991607666,16.3799991607666,2017-10-30,16.399999618530273,15.84000015258789,16.139999389648438,3200
398,16.1299991607666,16.1299991607666,2017-10-27,16.329999923706055,15.710000038146973,15.710000038146973,6300
399,15.880000114440918,15.880000114440918,2017-10-26,16.100000381469727,15.550000190734863,15.550000190734863,10500
400,16.280000686645508,16.280000686645508,2017-10-25,16.920000076293945,15.670000076293945,16.655000686645508,25700
401,16.389999389648438,16.389999389648438,2017-10-24,17.489999771118164,16.389999389648438,16.420000076293945,40400
402,17.0,17.0,2017-10-23,17.30500030517578,16.280000686645508,17.299999237060547,25600
403,17.479999542236328,17.479999542236328,2017-10-20,19.469999313354492,17.0,18.489999771118164,41000
404,18.489999771118164,18.489999771118164,2017-10-19,20.149999618530273,18.299999237060547,20.010000228881836,36800
405,20.030000686645508,20.030000686645508,2017-10-18,20.5,19.600000381469727,20.5,6900
406,20.510000228881836,20.510000228881836,2017-10-17,21.299999237060547,20.510000228881836,21.299999237060547,5800
407,21.280000686645508,21.280000686645508,2017-10-16,21.940000534057617,20.649999618530273,21.139999389648438,11200
408,21.010000228881836,21.010000228881836,2017-10-13,21.170000076293945,20.559999465942383,21.0,18400
409,21.0,21.0,2017-10-12,21.299999237060547,20.200000762939453,21.299999237060547,13800
410,21.110000610351562,21.110000610351562,2017-10-11,21.56999969482422,20.34000015258789,20.3700008392334,15000
411,20.700000762939453,20.700000762939453,2017-10-10,20.950000762939453,20.190000534057617,20.540000915527344,66000
412,20.8700008392334,20.8700008392334,2017-10-09,21.200000762939453,20.334999084472656,20.610000610351562,76200
413,20.829999923706055,20.829999923706055,2017-10-06,20.989999771118164,20.540000915527344,20.90999984741211,4300
414,20.799999237060547,20.799999237060547,2017-10-05,21.5,20.299999237060547,20.700000762939453,35000
415,20.799999237060547,20.799999237060547,2017-10-04,21.389999389648438,20.520000457763672,20.739999771118164,50600
416,20.674999237060547,20.674999237060547,2017-10-03,21.799999237060547,20.260000228881836,20.360000610351562,20400
417,20.3700008392334,20.3700008392334,2017-10-02,21.40999984741211,20.010000228881836,20.895000457763672,47800
418,19.8700008392334,19.8700008392334,2017-09-29,21.06999969482422,18.510000228881836,20.5,73300
419,18.5,18.5,2017-09-28,18.5,17.48200035095215,17.48200035095215,130500
420,18.489999771118164,18.489999771118164,2017-09-27,18.5,17.566999435424805,18.0,8300
421,18.25,18.25,2017-09-26,19.490999221801758,17.56999969482422,18.959999084472656,59000
422,18.399999618530273,18.399999618530273,2017-09-25,19.7189998626709,17.5,19.684999465942383,25500
423,18.31999969482422,18.31999969482422,2017-09-22,19.21500015258789,16.799999237060547,17.200000762939453,366600
424,16.90999984741211,16.90999984741211,2017-09-21,17.0,16.725000381469727,17.0,4300
425,16.940000534057617,16.940000534057617,2017-09-20,17.166000366210938,16.399999618530273,16.420000076293945,24700
426,15.960000038146973,15.960000038146973,2017-09-19,16.517000198364258,15.899999618530273,16.0,6000
427,16.139999389648438,16.139999389648438,2017-09-18,16.5,15.942000389099121,16.0,22700
428,15.930000305175781,15.930000305175781,2017-09-15,16.25,14.96500015258789,15.539999961853027,16400
429,15.479999542236328,15.479999542236328,2017-09-14,15.539999961853027,15.140000343322754,15.539999961853027,6600
430,15.489999771118164,15.489999771118164,2017-09-13,15.890000343322754,15.399999618530273,15.890000343322754,3700
431,16.1299991607666,16.1299991607666,2017-09-12,16.1299991607666,14.829999923706055,15.392999649047852,5600
432,15.770000457763672,15.770000457763672,2017-09-11,16.350000381469727,14.958000183105469,16.280000686645508,10600
433,15.899999618530273,15.899999618530273,2017-09-08,16.450000762939453,14.550000190734863,14.899999618530273,29900
434,15.029999732971191,15.029999732971191,2017-09-07,15.859999656677246,15.029999732971191,15.850000381469727,1000
435,15.6899995803833,15.6899995803833,2017-09-06,15.765000343322754,15.039999961853027,15.329999923706055,15200
436,15.079999923706055,15.079999923706055,2017-09-05,15.079999923706055,14.359999656677246,14.609999656677246,7300
437,14.550000190734863,14.550000190734863,2017-09-01,14.550000190734863,14.0,14.550000190734863,20600
438,14.550000190734863,14.550000190734863,2017-08-31,14.715999603271484,13.880000114440918,14.715999603271484,17500
439,14.350000381469727,14.350000381469727,2017-08-30,14.640000343322754,14.029999732971191,14.220000267028809,15400
440,13.989999771118164,13.989999771118164,2017-08-29,14.0,13.670000076293945,13.800000190734863,6800
441,13.989999771118164,13.989999771118164,2017-08-28,13.989999771118164,13.5,13.5,3400
442,13.600000381469727,13.600000381469727,2017-08-25,14.600000381469727,13.600000381469727,14.100000381469727,9500
443,14.0,14.0,2017-08-24,14.569999694824219,13.5600004196167,13.5600004196167,19400
444,13.930000305175781,13.930000305175781,2017-08-23,14.600000381469727,13.359999656677246,14.600000381469727,5500
445,13.899999618530273,13.899999618530273,2017-08-22,13.989999771118164,13.539999961853027,13.90999984741211,9900
446,13.899999618530273,13.899999618530273,2017-08-21,14.4399995803833,13.300000190734863,14.4399995803833,8700
447,14.180000305175781,14.180000305175781,2017-08-18,14.406000137329102,14.100000381469727,14.406000137329102,3300
448,14.050000190734863,14.050000190734863,2017-08-17,14.789999961853027,14.010000228881836,14.760000228881836,5500
449,14.649999618530273,14.649999618530273,2017-08-16,14.9399995803833,14.399999618530273,14.9399995803833,3900
450,14.729999542236328,14.729999542236328,2017-08-15,15.300000190734863,14.449999809265137,15.300000190734863,21200
451,15.25,15.25,2017-08-14,15.95199966430664,15.25,15.95199966430664,4300
452,15.15999984741211,15.15999984741211,2017-08-11,15.15999984741211,14.21399974822998,14.480999946594238,5300
453,14.279999732971191,14.279999732971191,2017-08-10,15.309000015258789,14.100000381469727,15.0600004196167,20900
454,15.390000343322754,15.390000343322754,2017-08-09,15.9399995803833,15.020000457763672,15.9399995803833,5200
455,16.09000015258789,16.09000015258789,2017-08-08,16.100000381469727,15.854999542236328,15.854999542236328,2200
456,15.729999542236328,15.729999542236328,2017-08-07,16.459999084472656,15.729999542236328,16.450000762939453,5500
457,16.0,16.0,2017-08-04,16.079999923706055,15.970000267028809,16.06999969482422,4100
458,16.076000213623047,16.076000213623047,2017-08-03,16.076000213623047,16.059999465942383,16.059999465942383,500
459,16.5,16.5,2017-08-02,16.989999771118164,15.949999809265137,16.989999771118164,9100
460,16.860000610351562,16.860000610351562,2017-08-01,16.940000534057617,15.65999984741211,15.675000190734863,16600
461,16.3700008392334,16.3700008392334,2017-07-31,16.3799991607666,15.687000274658203,16.3799991607666,3200
462,16.40999984741211,16.40999984741211,2017-07-28,16.40999984741211,15.489999771118164,16.209999084472656,3600
463,15.680000305175781,15.680000305175781,2017-07-27,16.950000762939453,15.3100004196167,16.850000381469727,9100
464,16.899999618530273,16.899999618530273,2017-07-26,17.25,16.600000381469727,17.0,23800
465,16.809999465942383,16.809999465942383,2017-07-25,16.979999542236328,16.780000686645508,16.790000915527344,1400
466,16.739999771118164,16.739999771118164,2017-07-24,17.139999389648438,16.15999984741211,16.3799991607666,11900
467,16.299999237060547,16.299999237060547,2017-07-21,16.459999084472656,16.100000381469727,16.290000915527344,3300
468,16.299999237060547,16.299999237060547,2017-07-20,16.450000762939453,15.940999984741211,16.450000762939453,11000
469,16.579999923706055,16.579999923706055,2017-07-19,16.649999618530273,16.030000686645508,16.09000015258789,7300
470,16.270000457763672,16.270000457763672,2017-07-18,16.459999084472656,15.720000267028809,16.441999435424805,11000
471,16.3799991607666,16.3799991607666,2017-07-17,17.142000198364258,16.3799991607666,17.142000198364258,5100
472,17.0,17.0,2017-07-14,17.75,16.389999389648438,16.739999771118164,18400
473,16.850000381469727,16.850000381469727,2017-07-13,17.0,16.440000534057617,16.46500015258789,16500
474,16.81999969482422,16.81999969482422,2017-07-12,17.0,16.299999237060547,16.350000381469727,7300
475,16.209999084472656,16.209999084472656,2017-07-11,16.809999465942383,16.149999618530273,16.809999465942383,3400
476,16.808000564575195,16.808000564575195,2017-07-10,17.0,16.808000564575195,17.0,1000
477,17.0,17.0,2017-07-07,17.0,16.65999984741211,16.979999542236328,19000
478,16.969999313354492,16.969999313354492,2017-07-06,16.969999313354492,16.5,16.75,6600
479,16.709999084472656,16.709999084472656,2017-07-05,16.989999771118164,16.350000381469727,16.989999771118164,17000
480,16.719999313354492,16.719999313354492,2017-07-03,16.739999771118164,15.765000343322754,15.920000076293945,4500
481,15.850000381469727,15.850000381469727,2017-06-30,16.299999237060547,15.819999694824219,16.299999237060547,4500
482,16.290000915527344,16.290000915527344,2017-06-29,16.760000228881836,16.125999450683594,16.125999450683594,7300
483,17.0,17.0,2017-06-28,17.420000076293945,16.2450008392334,17.420000076293945,18700
484,17.350000381469727,17.350000381469727,2017-06-27,18.219999313354492,17.079999923706055,18.219999313354492,10900
485,18.229999542236328,18.229999542236328,2017-06-26,18.5,17.239999771118164,17.440000534057617,25200
486,17.34000015258789,17.34000015258789,2017-06-23,17.45400047302246,16.799999237060547,16.969999313354492,16400
487,16.610000610351562,16.610000610351562,2017-06-22,17.950000762939453,16.18000030517578,16.299999237060547,26300
488,16.479999542236328,16.479999542236328,2017-06-21,16.530000686645508,14.1899995803833,14.670000076293945,46500
489,14.899999618530273,14.899999618530273,2017-06-20,14.899999618530273,13.75,14.220000267028809,18500
490,13.899999618530273,13.899999618530273,2017-06-19,14.680000305175781,13.760000228881836,14.116999626159668,17500
491,14.25,14.25,2017-06-16,15.015000343322754,13.225000381469727,13.890000343322754,53500
492,13.989999771118164,13.989999771118164,2017-06-15,14.34000015258789,13.350000381469727,14.140000343322754,25600
493,13.899999618530273,13.899999618530273,2017-06-14,14.699999809265137,13.520000457763672,14.699999809265137,23500
494,14.59000015258789,14.59000015258789,2017-06-13,15.246999740600586,14.399999618530273,15.246999740600586,20800
495,14.369999885559082,14.369999885559082,2017-06-12,15.670000076293945,14.029999732971191,15.670000076293945,28600
496,15.53499984741211,15.53499984741211,2017-06-09,15.680000305175781,15.239999771118164,15.319999694824219,15500
497,15.720000267028809,15.720000267028809,2017-06-08,16.0,15.265000343322754,15.899999618530273,44900
498,15.59000015258789,15.59000015258789,2017-06-07,17.420000076293945,15.220000267028809,16.950000762939453,25300
499,16.790000915527344,16.790000915527344,2017-06-06,18.100000381469727,16.549999237060547,18.100000381469727,36400
500,18.18000030517578,18.18000030517578,2017-06-05,21.84000015258789,18.170000076293945,21.84000015258789,31400
501,21.260000228881836,21.260000228881836,2017-06-02,22.0,20.65999984741211,20.670000076293945,22500
502,20.219999313354492,20.219999313354492,2017-06-01,21.0,19.1299991607666,19.5,25100
503,19.360000610351562,19.360000610351562,2017-05-31,19.55900001525879,18.920000076293945,19.239999771118164,9000
504,19.3700008392334,19.3700008392334,2017-05-30,19.649999618530273,18.81999969482422,18.8799991607666,9500
505,19.079999923706055,19.079999923706055,2017-05-26,19.540000915527344,19.0,19.239999771118164,3800
506,19.270000457763672,19.270000457763672,2017-05-25,19.6299991607666,19.014999389648438,19.399999618530273,22000
507,19.1200008392334,19.1200008392334,2017-05-24,19.600000381469727,18.489999771118164,19.600000381469727,29100
508,19.420000076293945,19.420000076293945,2017-05-23,19.700000762939453,19.420000076293945,19.700000762939453,26300
509,19.450000762939453,19.450000762939453,2017-05-22,20.3799991607666,19.440000534057617,20.100000381469727,15400
510,19.780000686645508,19.780000686645508,2017-05-19,20.200000762939453,19.64900016784668,20.200000762939453,27800
511,19.920000076293945,19.920000076293945,2017-05-18,20.59000015258789,19.350000381469727,20.59000015258789,33300
512,20.739999771118164,20.739999771118164,2017-05-17,22.45800018310547,20.739999771118164,21.100000381469727,18600
513,21.440000534057617,21.440000534057617,2017-05-16,21.5,20.440000534057617,20.75,8200
514,20.799999237060547,20.799999237060547,2017-05-15,21.357999801635742,20.503000259399414,20.545000076293945,15800
515,20.614999771118164,20.614999771118164,2017-05-12,20.614999771118164,20.100000381469727,20.100000381469727,13400
516,20.790000915527344,20.790000915527344,2017-05-11,21.3799991607666,20.399999618530273,20.940000534057617,15700
517,21.34000015258789,21.34000015258789,2017-05-10,21.34000015258789,20.375,20.940000534057617,5700
518,20.989999771118164,20.989999771118164,2017-05-09,21.18899917602539,20.399999618530273,20.489999771118164,21400
519,20.299999237060547,20.299999237060547,2017-05-08,20.920000076293945,19.520000457763672,19.979999542236328,27300
520,19.760000228881836,19.760000228881836,2017-05-05,20.479999542236328,19.75,20.049999237060547,21200
521,19.860000610351562,19.860000610351562,2017-05-04,20.5,19.360000610351562,20.5,26500
522,20.270000457763672,20.270000457763672,2017-05-03,20.965999603271484,20.06999969482422,20.5,24700
523,20.18000030517578,20.18000030517578,2017-05-02,21.75,19.780000686645508,21.75,27700
524,21.559999465942383,21.559999465942383,2017-05-01,22.799999237060547,21.219999313354492,22.639999389648438,23100
525,22.200000762939453,22.200000762939453,2017-04-28,23.75,21.9950008392334,22.559999465942383,35200
526,22.34000015258789,22.34000015258789,2017-04-27,22.65999984741211,21.825000762939453,21.940000534057617,15900
527,22.09000015258789,22.09000015258789,2017-04-26,22.290000915527344,21.14900016784668,21.5,20000
528,21.31999969482422,21.31999969482422,2017-04-25,21.5,20.149999618530273,20.149999618530273,19400
529,20.200000762939453,20.200000762939453,2017-04-24,20.450000762939453,19.84000015258789,19.84000015258789,10600
530,19.719999313354492,19.719999313354492,2017-04-21,20.15999984741211,19.472999572753906,19.472999572753906,23400
531,19.969999313354492,19.969999313354492,2017-04-20,20.209999084472656,19.514999389648438,20.209999084472656,19400
532,20.0,20.0,2017-04-19,20.15999984741211,19.479999542236328,19.6200008392334,25200
533,19.440000534057617,19.440000534057617,2017-04-18,20.059999465942383,19.31999969482422,20.059999465942383,16100
534,19.940000534057617,19.940000534057617,2017-04-17,20.690000534057617,19.40999984741211,19.610000610351562,20900
535,19.3799991607666,19.3799991607666,2017-04-13,20.0,19.229999542236328,19.559999465942383,22700
536,19.639999389648438,19.639999389648438,2017-04-12,20.34000015258789,19.540000915527344,19.90999984741211,20700
537,19.84000015258789,19.84000015258789,2017-04-11,21.09000015258789,19.110000610351562,20.809999465942383,47200
538,21.0,21.0,2017-04-10,21.479000091552734,19.700000762939453,20.520000457763672,38600
539,20.5,20.5,2017-04-07,21.219999313354492,19.0,20.549999237060547,60900
540,20.549999237060547,20.549999237060547,2017-04-06,21.0,18.790000915527344,19.950000762939453,59500
541,20.190000534057617,20.190000534057617,2017-04-05,22.0,20.18000030517578,21.5,36900
542,21.600000381469727,21.600000381469727,2017-04-04,24.40999984741211,20.55500030517578,23.75,70700
543,24.030000686645508,24.030000686645508,2017-04-03,25.440000534057617,23.5,23.75,44200
544,24.389999389648438,24.389999389648438,2017-03-31,24.399999618530273,23.280000686645508,24.149999618530273,24800
545,24.020000457763672,24.020000457763672,2017-03-30,24.459999084472656,23.299999237060547,24.350000381469727,38000
546,23.940000534057617,23.940000534057617,2017-03-29,24.860000610351562,23.510000228881836,23.989999771118164,59900
547,23.889999389648438,23.889999389648438,2017-03-28,25.350000381469727,23.5,24.75,79700
548,25.0,25.0,2017-03-27,25.0,23.700000762939453,25.0,41300
549,24.59000015258789,24.59000015258789,2017-03-24,25.479999542236328,24.540000915527344,25.479999542236328,31100
550,25.329999923706055,25.329999923706055,2017-03-23,25.399999618530273,24.424999237060547,24.424999237060547,48700
551,24.600000381469727,24.600000381469727,2017-03-22,26.204999923706055,24.030000686645508,26.0,59600
552,26.059999465942383,26.059999465942383,2017-03-21,27.200000762939453,25.3799991607666,26.5,71400
553,28.5,28.5,2017-03-20,30.5,28.020000457763672,30.5,47500
554,29.979999542236328,29.979999542236328,2017-03-17,30.780000686645508,29.969999313354492,30.0,54400
555,29.670000076293945,29.670000076293945,2017-03-16,30.555999755859375,29.06599998474121,30.0,117300
556,29.989999771118164,29.989999771118164,2017-03-15,30.0,29.405000686645508,30.0,20700
557,29.979999542236328,29.979999542236328,2017-03-14,30.0,29.010000228881836,29.09000015258789,19800
558,29.290000915527344,29.290000915527344,2017-03-13,30.030000686645508,29.0,30.0,36900
559,30.020000457763672,30.020000457763672,2017-03-10,30.479999542236328,28.885000228881836,29.94499969482422,27600
560,29.75,29.75,2017-03-09,32.893001556396484,29.739999771118164,29.75,35100
561,29.719999313354492,29.719999313354492,2017-03-08,31.829999923706055,28.860000610351562,31.829999923706055,42700
562,30.81999969482422,30.81999969482422,2017-03-07,33.025001525878906,29.059999465942383,32.5,80700
563,32.22999954223633,32.22999954223633,2017-03-06,33.63399887084961,30.5,30.6299991607666,115000
564,29.450000762939453,29.450000762939453,2017-03-03,29.75,28.639999389648438,29.0,35400
565,29.0,29.0,2017-03-02,29.0,25.48699951171875,25.48699951171875,79100
566,25.93000030517578,25.93000030517578,2017-03-01,25.989999771118164,24.219999313354492,24.65999984741211,150200
567,24.510000228881836,24.510000228881836,2017-02-28,25.100000381469727,24.261999130249023,24.540000915527344,19700
568,24.75,24.75,2017-02-27,24.950000762939453,24.334999084472656,24.510000228881836,16600
569,24.6200008392334,24.6200008392334,2017-02-24,25.200000762939453,24.079999923706055,24.100000381469727,15500
570,24.010000228881836,24.010000228881836,2017-02-23,24.399999618530273,24.010000228881836,24.399999618530273,4100
571,24.059999465942383,24.059999465942383,2017-02-22,25.84000015258789,24.020000457763672,24.75,22800
572,24.709999084472656,24.709999084472656,2017-02-21,25.5,24.709999084472656,25.290000915527344,10900
573,25.219999313354492,25.219999313354492,2017-02-17,25.81999969482422,25.190000534057617,25.219999313354492,8300
574,25.0,25.0,2017-02-16,25.75,24.350000381469727,25.6200008392334,27700
575,25.899999618530273,25.899999618530273,2017-02-15,26.0,24.790000915527344,25.979999542236328,827200
576,25.489999771118164,25.489999771118164,2017-02-14,26.25,25.155000686645508,26.25,43700
577,26.040000915527344,26.040000915527344,2017-02-13,26.25,24.010000228881836,24.239999771118164,20100
578,24.075000762939453,24.075000762939453,2017-02-10,24.5,24.0,24.010000228881836,4800
579,24.059999465942383,24.059999465942383,2017-02-09,24.485000610351562,23.780000686645508,24.200000762939453,5400
580,23.950000762939453,23.950000762939453,2017-02-08,24.5,23.829999923706055,24.059999465942383,16100
581,24.139999389648438,24.139999389648438,2017-02-07,24.3799991607666,23.75,23.760000228881836,7900
582,23.969999313354492,23.969999313354492,2017-02-06,24.375999450683594,22.899999618530273,23.309999465942383,55100
583,23.190000534057617,23.190000534057617,2017-02-03,25.190000534057617,23.190000534057617,24.610000610351562,22000
584,24.489999771118164,24.489999771118164,2017-02-02,25.020000457763672,24.329999923706055,25.020000457763672,89300
585,24.760000228881836,24.760000228881836,2017-02-01,26.239999771118164,24.459999084472656,26.030000686645508,18400
586,26.110000610351562,26.110000610351562,2017-01-31,27.360000610351562,24.450000762939453,24.549999237060547,17000
587,24.75,24.75,2017-01-30,24.979999542236328,24.010000228881836,24.010000228881836,22700
588,23.940000534057617,23.940000534057617,2017-01-27,24.299999237060547,23.81999969482422,24.0,6400
589,24.03499984741211,24.03499984741211,2017-01-26,24.44099998474121,24.0,24.239999771118164,4200
590,24.1299991607666,24.1299991607666,2017-01-25,25.690000534057617,23.860000610351562,24.5,34700
591,24.84000015258789,24.84000015258789,2017-01-24,25.25,24.184999465942383,25.0,18700
592,24.5,24.5,2017-01-23,25.260000228881836,23.770000457763672,25.229000091552734,8800
593,24.760000228881836,24.760000228881836,2017-01-20,25.0,24.079999923706055,24.75,37000
594,24.440000534057617,24.440000534057617,2017-01-19,24.93000030517578,23.8700008392334,24.510000228881836,36800
595,24.079999923706055,24.079999923706055,2017-01-18,24.389999389648438,23.770000457763672,24.0,27900
596,24.0,24.0,2017-01-17,25.472000122070312,23.549999237060547,23.549999237060547,17400
597,23.200000762939453,23.200000762939453,2017-01-13,24.5,22.5,23.145000457763672,17900
598,23.959999084472656,23.959999084472656,2017-01-12,23.959999084472656,21.770000457763672,21.770000457763672,16100
599,21.75,21.75,2017-01-11,22.5,21.510000228881836,22.5,19600
600,22.739999771118164,22.739999771118164,2017-01-10,23.799999237060547,22.5,23.350000381469727,9800
601,23.3799991607666,23.3799991607666,2017-01-09,24.6299991607666,23.3799991607666,24.559999465942383,27000
602,24.360000610351562,24.360000610351562,2017-01-06,24.9060001373291,23.08099937438965,24.889999389648438,19500
603,24.239999771118164,24.239999771118164,2017-01-05,26.25,23.479999542236328,26.25,39200
604,25.8799991607666,25.8799991607666,2017-01-04,26.125999450683594,21.170000076293945,21.5,106400
605,21.06999969482422,21.06999969482422,2017-01-03,21.299999237060547,20.545000076293945,21.290000915527344,13000
606,21.110000610351562,21.110000610351562,2016-12-30,21.219999313354492,20.569000244140625,21.219999313354492,11900
607,21.3799991607666,21.3799991607666,2016-12-29,21.5,19.799999237060547,20.850000381469727,38700
608,20.969999313354492,20.969999313354492,2016-12-28,21.600000381469727,20.899999618530273,21.600000381469727,9900
609,20.90999984741211,20.90999984741211,2016-12-27,21.0,19.979999542236328,19.979999542236328,35100
610,19.940000534057617,19.940000534057617,2016-12-23,20.375,19.0,20.139999389648438,42700
611,19.989999771118164,19.989999771118164,2016-12-22,21.280000686645508,19.809999465942383,21.229999542236328,74100
612,20.219999313354492,20.219999313354492,2016-12-21,22.184999465942383,19.600000381469727,22.0,808700
613,14.149999618530273,14.149999618530273,2016-12-20,14.710000038146973,13.130000114440918,14.600000381469727,6000
614,14.149999618530273,14.149999618530273,2016-12-19,14.5,13.529999732971191,14.0,14500
615,13.850000381469727,13.850000381469727,2016-12-16,16.75,13.850000381469727,16.75,1300
616,15.0,15.0,2016-12-15,15.5,15.0,15.5,1800
617,15.125,15.125,2016-12-14,15.670000076293945,15.09000015258789,15.5,3400
618,15.5,15.5,2016-12-13,15.75,15.5,15.75,700
619,15.649999618530273,15.649999618530273,2016-12-12,16.020000457763672,15.5,15.800000190734863,1800
620,15.75,15.75,2016-12-09,15.800000190734863,15.75,15.800000190734863,2700
621,15.5,15.5,2016-12-08,15.760000228881836,15.5,15.760000228881836,500
622,15.600000381469727,15.600000381469727,2016-12-07,17.489999771118164,15.600000381469727,17.489999771118164,700
623,15.319999694824219,15.319999694824219,2016-12-06,15.75,15.25,15.649999618530273,800
624,15.09000015258789,15.09000015258789,2016-12-05,15.598999977111816,15.069999694824219,15.5,1700
625,15.100000381469727,15.100000381469727,2016-12-02,15.640000343322754,15.100000381469727,15.199999809265137,1400
626,15.010000228881836,15.010000228881836,2016-12-01,15.850000381469727,15.010000228881836,15.850000381469727,400
627,15.166000366210938,15.166000366210938,2016-11-30,15.600000381469727,15.166000366210938,15.600000381469727,1800
628,15.899999618530273,15.899999618530273,2016-11-29,16.6200008392334,15.899999618530273,16.6200008392334,2000
629,15.899999618530273,15.899999618530273,2016-11-28,17.5,15.899999618530273,17.5,3700
630,15.510000228881836,15.510000228881836,2016-11-25,15.510000228881836,15.510000228881836,15.510000228881836,0
631,15.510000228881836,15.510000228881836,2016-11-23,15.510000228881836,15.510000228881836,15.510000228881836,0
632,15.510000228881836,15.510000228881836,2016-11-22,15.510000228881836,15.510000228881836,15.510000228881836,0
633,15.510000228881836,15.510000228881836,2016-11-21,17.440000534057617,15.510000228881836,17.43899917602539,700
634,17.489999771118164,17.489999771118164,2016-11-18,17.489999771118164,16.5,16.5,500
635,16.0,16.0,2016-11-17,17.159000396728516,16.0,17.0,2000
636,16.760000228881836,16.760000228881836,2016-11-16,16.989999771118164,16.760000228881836,16.950000762939453,600
637,16.989999771118164,16.989999771118164,2016-11-15,17.5,16.299999237060547,17.5,7200
638,16.850000381469727,16.850000381469727,2016-11-14,17.5,16.850000381469727,17.469999313354492,5800
639,17.399999618530273,17.399999618530273,2016-11-11,17.649999618530273,16.690000534057617,16.690000534057617,1100
640,16.486000061035156,16.486000061035156,2016-11-10,16.486000061035156,16.450000762939453,16.450000762939453,1700
641,15.850000381469727,15.850000381469727,2016-11-09,15.850000381469727,15.850000381469727,15.850000381469727,0
642,15.850000381469727,15.850000381469727,2016-11-08,16.299999237060547,15.00100040435791,15.25,1500
643,15.25,15.25,2016-11-07,16.40999984741211,14.850000381469727,14.850000381469727,9300
644,15.210000038146973,15.210000038146973,2016-11-04,17.75,15.210000038146973,17.739999771118164,2700
645,17.950000762939453,17.950000762939453,2016-11-03,17.950000762939453,14.854000091552734,14.854000091552734,1000
646,15.359999656677246,15.359999656677246,2016-11-02,17.0,15.02400016784668,17.0,4000
647,16.799999237060547,16.799999237060547,2016-11-01,17.850000381469727,16.799999237060547,17.850000381469727,2600
648,17.799999237060547,17.799999237060547,2016-10-31,17.93000030517578,17.799999237060547,17.900999069213867,3300
649,18.1200008392334,18.1200008392334,2016-10-28,18.579999923706055,18.010000228881836,18.579999923706055,3700
650,18.413000106811523,18.413000106811523,2016-10-27,18.413000106811523,18.413000106811523,18.413000106811523,0
651,18.413000106811523,18.413000106811523,2016-10-26,18.413000106811523,17.809999465942383,17.809999465942383,600
652,18.28700065612793,18.28700065612793,2016-10-25,19.628999710083008,17.799999237060547,18.59000015258789,5300
653,18.799999237060547,18.799999237060547,2016-10-24,19.530000686645508,18.799999237060547,19.399999618530273,5500
654,18.760000228881836,18.760000228881836,2016-10-21,19.0,18.760000228881836,18.850000381469727,2400
655,18.600000381469727,18.600000381469727,2016-10-20,19.360000610351562,18.549999237060547,18.549999237060547,2600
656,18.549999237060547,18.549999237060547,2016-10-19,18.969999313354492,18.260000228881836,18.420000076293945,5200
657,17.90999984741211,17.90999984741211,2016-10-18,18.444000244140625,17.51799964904785,17.600000381469727,2000
658,17.520000457763672,17.520000457763672,2016-10-17,17.608999252319336,17.450000762939453,17.608999252319336,1200
659,17.510000228881836,17.510000228881836,2016-10-14,18.58099937438965,17.5,18.58099937438965,1700
660,16.920000076293945,16.920000076293945,2016-10-13,17.690000534057617,16.549999237060547,16.770000457763672,4300
661,16.729999542236328,16.729999542236328,2016-10-12,17.270999908447266,16.5,17.200000762939453,8600
662,17.209999084472656,17.209999084472656,2016-10-11,17.599000930786133,17.202999114990234,17.520000457763672,6700
663,17.65999984741211,17.65999984741211,2016-10-10,18.06999969482422,17.610000610351562,17.770000457763672,3600
664,17.989999771118164,17.989999771118164,2016-10-07,18.0,17.350000381469727,17.350000381469727,5600
665,17.459999084472656,17.459999084472656,2016-10-06,18.52899932861328,16.809999465942383,18.389999389648438,18400
666,18.15999984741211,18.15999984741211,2016-10-05,18.829999923706055,18.149999618530273,18.59000015258789,7200
667,18.0,18.0,2016-10-04,19.399999618530273,17.790000915527344,18.010000228881836,10500
668,17.81999969482422,17.81999969482422,2016-10-03,18.510000228881836,15.5600004196167,16.709999084472656,47800
669,16.75,16.75,2016-09-30,16.979999542236328,15.0,16.0,27500
670,14.989999771118164,14.989999771118164,2016-09-29,16.709999084472656,12.600000381469727,12.600000381469727,116200
671,12.196999549865723,12.196999549865723,2016-09-28,12.34000015258789,11.319999694824219,11.319999694824219,7700
672,11.239999771118164,11.239999771118164,2016-09-27,11.5,11.109999656677246,11.5,3600
673,11.510000228881836,11.510000228881836,2016-09-26,11.8100004196167,11.149999618530273,11.149999618530273,2600
674,11.680000305175781,11.680000305175781,2016-09-23,11.680000305175781,10.729999542236328,10.729999542236328,5400
675,10.649999618530273,10.649999618530273,2016-09-22,10.649999618530273,10.5,10.5,2200
676,10.65999984741211,10.65999984741211,2016-09-21,10.699999809265137,10.25,10.600000381469727,3200
677,10.34000015258789,10.34000015258789,2016-09-20,10.640000343322754,10.34000015258789,10.640000343322754,6600
678,10.640000343322754,10.640000343322754,2016-09-19,10.640000343322754,10.149999618530273,10.220000267028809,6200
679,10.300000190734863,10.300000190734863,2016-09-16,10.479999542236328,10.0,10.479999542236328,5600
680,9.869999885559082,9.869999885559082,2016-09-15,10.303999900817871,9.770000457763672,9.770000457763672,7000
681,9.890000343322754,9.890000343322754,2016-09-14,10.270000457763672,9.869999885559082,9.989999771118164,4600
682,9.6899995803833,9.6899995803833,2016-09-13,10.006999969482422,9.6899995803833,10.006999969482422,4000
683,9.859999656677246,9.859999656677246,2016-09-12,10.079999923706055,9.5,9.984000205993652,14800
684,9.979999542236328,9.979999542236328,2016-09-09,9.979999542236328,9.300000190734863,9.399999618530273,26600
685,9.425000190734863,9.425000190734863,2016-09-08,9.600000381469727,9.1899995803833,9.300000190734863,11600
686,9.260000228881836,9.260000228881836,2016-09-07,9.5,9.149999618530273,9.149999618530273,10700
687,9.149999618530273,9.149999618530273,2016-09-06,9.149999618530273,8.845000267028809,9.100000381469727,1200
688,9.100000381469727,9.100000381469727,2016-09-02,9.100000381469727,9.100000381469727,9.100000381469727,0
689,9.100000381469727,9.100000381469727,2016-09-01,9.100000381469727,9.100000381469727,9.100000381469727,0
690,9.100000381469727,9.100000381469727,2016-08-31,9.156000137329102,9.09000015258789,9.149999618530273,2200
691,9.100000381469727,9.100000381469727,2016-08-30,9.100000381469727,9.079999923706055,9.079999923706055,500
692,9.069999694824219,9.069999694824219,2016-08-29,9.069999694824219,9.050000190734863,9.050000190734863,3300
693,8.90999984741211,8.90999984741211,2016-08-26,8.90999984741211,8.90999984741211,8.90999984741211,200
694,9.130000114440918,9.130000114440918,2016-08-25,9.36400032043457,8.739999771118164,8.890000343322754,3400
695,9.199999809265137,9.199999809265137,2016-08-24,9.199999809265137,9.00100040435791,9.09000015258789,2000
696,9.119999885559082,9.119999885559082,2016-08-23,9.279999732971191,8.956999778747559,8.960000038146973,5200
697,9.199999809265137,9.199999809265137,2016-08-22,9.430000305175781,8.692000389099121,8.835000038146973,2800
698,9.029999732971191,9.029999732971191,2016-08-19,9.37600040435791,8.670000076293945,8.670000076293945,15500
699,9.119999885559082,9.119999885559082,2016-08-18,9.267000198364258,9.0,9.25,6500
700,9.399999618530273,9.399999618530273,2016-08-17,9.699999809265137,9.0,9.109999656677246,5700
701,9.300000190734863,9.300000190734863,2016-08-16,9.430000305175781,9.079999923706055,9.079999923706055,8000
702,9.079999923706055,9.079999923706055,2016-08-15,9.600000381469727,9.079999923706055,9.600000381469727,900
703,9.0,9.0,2016-08-12,9.0,9.0,9.0,0
704,9.0,9.0,2016-08-11,9.15999984741211,8.420000076293945,8.420000076293945,4900
705,9.210000038146973,9.210000038146973,2016-08-10,9.210000038146973,8.960000038146973,9.050000190734863,5500
706,9.170000076293945,9.170000076293945,2016-08-09,9.25,8.899999618530273,9.25,4500
707,9.279999732971191,9.279999732971191,2016-08-08,9.300000190734863,8.970000267028809,9.260000228881836,3300
708,9.312999725341797,9.312999725341797,2016-08-05,9.312999725341797,9.312999725341797,9.312999725341797,300
709,8.970000267028809,8.970000267028809,2016-08-04,8.970000267028809,8.857999801635742,8.857999801635742,300
710,8.970000267028809,8.970000267028809,2016-08-03,9.380000114440918,8.760000228881836,9.380000114440918,4900
711,9.4399995803833,9.4399995803833,2016-08-02,9.49899959564209,9.210000038146973,9.494999885559082,1300
712,9.6899995803833,9.6899995803833,2016-08-01,10.199999809265137,9.510000228881836,10.199999809265137,8100
713,10.539999961853027,10.539999961853027,2016-07-29,10.890000343322754,8.5,8.5,20100
714,8.5,8.5,2016-07-28,8.550000190734863,8.345000267028809,8.5,3200
715,8.470000267028809,8.470000267028809,2016-07-27,8.680000305175781,8.25,8.680000305175781,10200
716,8.40999984741211,8.40999984741211,2016-07-26,8.40999984741211,8.40999984741211,8.40999984741211,100
717,8.479999542236328,8.479999542236328,2016-07-25,8.680000305175781,8.479999542236328,8.680000305175781,400
718,8.479999542236328,8.479999542236328,2016-07-22,8.699999809265137,8.369999885559082,8.699999809265137,26500
719,8.449999809265137,8.449999809265137,2016-07-21,8.555000305175781,8.399999618530273,8.399999618530273,5300
720,8.390000343322754,8.390000343322754,2016-07-20,8.399999618530273,8.0,8.039999961853027,5200
721,8.25,8.25,2016-07-19,8.729999542236328,8.25,8.350000381469727,400
722,8.260000228881836,8.260000228881836,2016-07-18,8.39900016784668,8.149999618530273,8.369999885559082,6800
723,8.390000343322754,8.390000343322754,2016-07-15,8.399999618530273,8.199999809265137,8.25,4600
724,8.15999984741211,8.15999984741211,2016-07-14,8.180000305175781,8.149999618530273,8.180000305175781,1100
725,8.149999618530273,8.149999618530273,2016-07-13,8.399999618530273,8.149999618530273,8.399999618530273,1300
726,8.199999809265137,8.199999809265137,2016-07-12,8.199999809265137,8.199999809265137,8.199999809265137,100
727,8.4399995803833,8.4399995803833,2016-07-11,8.9399995803833,8.180000305175781,8.899999618530273,9700
728,8.65999984741211,8.65999984741211,2016-07-08,8.864999771118164,8.65999984741211,8.831999778747559,4200
729,8.4399995803833,8.4399995803833,2016-07-07,8.529999732971191,8.4399995803833,8.529999732971191,5600
730,8.199999809265137,8.199999809265137,2016-07-06,8.220000267028809,8.199999809265137,8.20300006866455,1000
731,8.109999656677246,8.109999656677246,2016-07-05,8.140000343322754,8.109999656677246,8.140000343322754,1600
732,8.020000457763672,8.020000457763672,2016-07-01,8.020000457763672,7.960000038146973,8.0,1300
733,7.989999771118164,7.989999771118164,2016-06-30,7.989999771118164,7.960000038146973,7.960000038146973,200
734,8.0,8.0,2016-06-29,8.0,7.949999809265137,7.960000038146973,1400
735,8.0,8.0,2016-06-28,8.390000343322754,7.949999809265137,8.390000343322754,2900
736,8.09000015258789,8.09000015258789,2016-06-27,8.09000015258789,7.78000020980835,7.96999979019165,12300
737,8.0,8.0,2016-06-24,8.199999809265137,7.84499979019165,7.849999904632568,9900
738,7.860000133514404,7.860000133514404,2016-06-23,7.900000095367432,7.255000114440918,7.710000038146973,13300
739,7.980000019073486,7.980000019073486,2016-06-22,8.0,7.795000076293945,7.795000076293945,30700
740,7.809999942779541,7.809999942779541,2016-06-21,8.135000228881836,7.690000057220459,8.0,41100
741,8.170000076293945,8.170000076293945,2016-06-20,8.4399995803833,8.029999732971191,8.390000343322754,16400
742,8.149999618530273,8.149999618530273,2016-06-17,9.319999694824219,8.079999923706055,8.550000190734863,153100
743,8.520000457763672,8.520000457763672,2016-06-16,8.890000343322754,7.75,7.900000095367432,139500
744,8.199999809265137,8.199999809265137,2016-06-15,8.84000015258789,7.599999904632568,8.359999656677246,102700
745,8.359999656677246,8.359999656677246,2016-06-14,9.399999618530273,8.020000457763672,9.069999694824219,152200
746,9.289999961853027,9.289999961853027,2016-06-13,9.569999694824219,9.100000381469727,9.569999694824219,27800
747,9.149999618530273,9.149999618530273,2016-06-10,9.59000015258789,8.75,9.0600004196167,6500
748,9.649999618530273,9.649999618530273,2016-06-09,9.649999618530273,8.789999961853027,8.789999961853027,8400
749,9.0600004196167,9.0600004196167,2016-06-08,9.800000190734863,8.75,9.800000190734863,22500
750,9.800000190734863,9.800000190734863,2016-06-07,9.899999618530273,9.5,9.5,8800
751,9.350000381469727,9.350000381469727,2016-06-06,9.350000381469727,8.670000076293945,8.670000076293945,19500
752,8.510000228881836,8.510000228881836,2016-06-03,8.949999809265137,8.260000228881836,8.949999809265137,6800
753,8.819999694824219,8.819999694824219,2016-06-02,8.989999771118164,8.609999656677246,8.989999771118164,31400
754,8.6899995803833,8.6899995803833,2016-06-01,8.979999542236328,8.239999771118164,8.979999542236328,20000
755,8.609999656677246,8.609999656677246,2016-05-31,8.760000228881836,7.53000020980835,7.53000020980835,52000
756,7.619999885559082,7.619999885559082,2016-05-27,8.9399995803833,7.5,8.5,155300
757,8.350000381469727,8.350000381469727,2016-05-26,10.430000305175781,8.300000190734863,10.34000015258789,224600
758,10.220000267028809,10.220000267028809,2016-05-25,10.34000015258789,10.199999809265137,10.210000038146973,7700
759,10.15999984741211,10.15999984741211,2016-05-24,10.399999618530273,10.020000457763672,10.020000457763672,13600
760,10.010000228881836,10.010000228881836,2016-05-23,10.100000381469727,9.850000381469727,9.850000381469727,49200
761,10.0,10.0,2016-05-20,10.229999542236328,9.90999984741211,10.0,196500
762,10.039999961853027,10.039999961853027,2016-05-19,10.734999656677246,9.729999542236328,9.75,1030500
