,adjclose,close,date,high,low,open,volume
0,21.65999984741211,21.65999984741211,2019-07-25,21.65999984741211,21.65999984741211,21.65999984741211,0
1,21.799999237060547,21.799999237060547,2019-07-24,21.799999237060547,21.799999237060547,21.799999237060547,0
2,21.709999084472656,21.709999084472656,2019-07-23,21.709999084472656,21.709999084472656,21.709999084472656,0
3,21.549999237060547,21.549999237060547,2019-07-22,21.549999237060547,21.549999237060547,21.549999237060547,0
4,21.579999923706055,21.579999923706055,2019-07-19,21.579999923706055,21.579999923706055,21.579999923706055,0
5,21.479999542236328,21.479999542236328,2019-07-18,21.479999542236328,21.479999542236328,21.479999542236328,0
6,21.479999542236328,21.479999542236328,2019-07-17,21.479999542236328,21.479999542236328,21.479999542236328,0
7,21.520000457763672,21.520000457763672,2019-07-16,21.520000457763672,21.520000457763672,21.520000457763672,0
8,21.530000686645508,21.530000686645508,2019-07-15,21.530000686645508,21.530000686645508,21.530000686645508,0
9,21.389999389648438,21.389999389648438,2019-07-12,21.389999389648438,21.389999389648438,21.389999389648438,0
10,21.229999542236328,21.229999542236328,2019-07-11,21.229999542236328,21.229999542236328,21.229999542236328,0
11,21.25,21.25,2019-07-10,21.25,21.25,21.25,0
12,21.229999542236328,21.229999542236328,2019-07-09,21.229999542236328,21.229999542236328,21.229999542236328,0
13,21.229999542236328,21.229999542236328,2019-07-08,21.229999542236328,21.229999542236328,21.229999542236328,0
14,21.559999465942383,21.559999465942383,2019-07-05,21.559999465942383,21.559999465942383,21.559999465942383,0
15,21.770000457763672,21.770000457763672,2019-07-03,21.770000457763672,21.770000457763672,21.770000457763672,0
16,21.920000076293945,21.920000076293945,2019-07-02,21.920000076293945,21.920000076293945,21.920000076293945,0
17,21.829999923706055,21.829999923706055,2019-07-01,21.829999923706055,21.829999923706055,21.829999923706055,0
18,21.479999542236328,21.479999542236328,2019-06-28,21.479999542236328,21.479999542236328,21.479999542236328,0
19,21.5,21.5,2019-06-27,21.5,21.5,21.5,0
20,21.270000457763672,21.270000457763672,2019-06-26,21.270000457763672,21.270000457763672,21.270000457763672,0
21,21.059999465942383,21.059999465942383,2019-06-25,21.059999465942383,21.059999465942383,21.059999465942383,0
22,21.31999969482422,21.31999969482422,2019-06-24,21.31999969482422,21.31999969482422,21.31999969482422,0
23,21.280000686645508,21.280000686645508,2019-06-21,21.280000686645508,21.280000686645508,21.280000686645508,0
24,21.31999969482422,21.31999969482422,2019-06-20,21.31999969482422,21.31999969482422,21.31999969482422,0
25,20.979999542236328,20.979999542236328,2019-06-19,20.979999542236328,20.979999542236328,20.979999542236328,0
26,20.690000534057617,20.690000534057617,2019-06-18,20.690000534057617,20.690000534057617,20.690000534057617,0
27,20.239999771118164,20.239999771118164,2019-06-17,20.239999771118164,20.239999771118164,20.239999771118164,0
28,20.170000076293945,20.170000076293945,2019-06-14,20.170000076293945,20.170000076293945,20.170000076293945,0
29,20.350000381469727,20.350000381469727,2019-06-13,20.350000381469727,20.350000381469727,20.350000381469727,0
30,20.309999465942383,20.309999465942383,2019-06-12,20.309999465942383,20.309999465942383,20.309999465942383,0
31,20.600000381469727,20.600000381469727,2019-06-11,20.600000381469727,20.600000381469727,20.600000381469727,0
32,20.360000610351562,20.360000610351562,2019-06-10,20.360000610351562,20.360000610351562,20.360000610351562,0
33,20.139999389648438,20.139999389648438,2019-06-07,20.139999389648438,20.139999389648438,20.139999389648438,0
34,19.979999542236328,19.979999542236328,2019-06-06,19.979999542236328,19.979999542236328,19.979999542236328,0
35,19.93000030517578,19.93000030517578,2019-06-05,19.93000030517578,19.93000030517578,19.93000030517578,0
36,20.100000381469727,20.100000381469727,2019-06-04,20.100000381469727,20.100000381469727,20.100000381469727,0
37,20.040000915527344,20.040000915527344,2019-06-03,20.040000915527344,20.040000915527344,20.040000915527344,0
38,19.950000762939453,19.950000762939453,2019-05-31,19.950000762939453,19.950000762939453,19.950000762939453,0
39,19.989999771118164,19.989999771118164,2019-05-30,19.989999771118164,19.989999771118164,19.989999771118164,0
40,20.040000915527344,20.040000915527344,2019-05-29,20.040000915527344,20.040000915527344,20.040000915527344,0
41,20.010000228881836,20.010000228881836,2019-05-28,20.010000228881836,20.010000228881836,20.010000228881836,0
42,20.020000457763672,20.020000457763672,2019-05-24,20.020000457763672,20.020000457763672,20.020000457763672,0
43,19.940000534057617,19.940000534057617,2019-05-23,19.940000534057617,19.940000534057617,19.940000534057617,0
44,20.280000686645508,20.280000686645508,2019-05-22,20.280000686645508,20.280000686645508,20.280000686645508,0
45,20.389999389648438,20.389999389648438,2019-05-21,20.389999389648438,20.389999389648438,20.389999389648438,0
46,20.190000534057617,20.190000534057617,2019-05-20,20.190000534057617,20.190000534057617,20.190000534057617,0
47,20.709999084472656,20.709999084472656,2019-05-17,20.709999084472656,20.709999084472656,20.709999084472656,0
48,21.309999465942383,21.309999465942383,2019-05-16,21.309999465942383,21.309999465942383,21.309999465942383,0
49,21.329999923706055,21.329999923706055,2019-05-15,21.329999923706055,21.329999923706055,21.329999923706055,0
50,21.079999923706055,21.079999923706055,2019-05-14,21.079999923706055,21.079999923706055,21.079999923706055,0
51,20.940000534057617,20.940000534057617,2019-05-13,20.940000534057617,20.940000534057617,20.940000534057617,0
52,21.59000015258789,21.59000015258789,2019-05-10,21.59000015258789,21.59000015258789,21.59000015258789,0
53,21.43000030517578,21.43000030517578,2019-05-09,21.43000030517578,21.43000030517578,21.43000030517578,0
54,21.81999969482422,21.81999969482422,2019-05-08,21.81999969482422,21.81999969482422,21.81999969482422,0
55,21.93000030517578,21.93000030517578,2019-05-07,21.93000030517578,21.93000030517578,21.93000030517578,0
56,22.40999984741211,22.40999984741211,2019-05-06,22.40999984741211,22.40999984741211,22.40999984741211,0
57,23.329999923706055,23.329999923706055,2019-05-03,23.329999923706055,23.329999923706055,23.329999923706055,0
58,23.020000457763672,23.020000457763672,2019-05-02,23.020000457763672,23.020000457763672,23.020000457763672,0
59,22.829999923706055,22.829999923706055,2019-05-01,22.829999923706055,22.829999923706055,22.829999923706055,0
60,22.84000015258789,22.84000015258789,2019-04-30,22.84000015258789,22.84000015258789,22.84000015258789,0
61,23.040000915527344,23.040000915527344,2019-04-29,23.040000915527344,23.040000915527344,23.040000915527344,0
62,22.969999313354492,22.969999313354492,2019-04-26,22.969999313354492,22.969999313354492,22.969999313354492,0
63,22.8700008392334,22.8700008392334,2019-04-25,22.8700008392334,22.8700008392334,22.8700008392334,0
64,23.149999618530273,23.149999618530273,2019-04-24,23.149999618530273,23.149999618530273,23.149999618530273,0
65,23.34000015258789,23.34000015258789,2019-04-23,23.34000015258789,23.34000015258789,23.34000015258789,0
66,23.290000915527344,23.290000915527344,2019-04-22,23.290000915527344,23.290000915527344,23.290000915527344,0
67,23.329999923706055,23.329999923706055,2019-04-18,23.329999923706055,23.329999923706055,23.329999923706055,0
68,23.309999465942383,23.309999465942383,2019-04-17,23.309999465942383,23.309999465942383,23.309999465942383,0
69,23.309999465942383,23.309999465942383,2019-04-16,23.309999465942383,23.309999465942383,23.309999465942383,0
70,23.09000015258789,23.09000015258789,2019-04-15,23.09000015258789,23.09000015258789,23.09000015258789,0
71,23.389999389648438,23.389999389648438,2019-04-12,23.389999389648438,23.389999389648438,23.389999389648438,0
72,23.1200008392334,23.1200008392334,2019-04-11,23.1200008392334,23.1200008392334,23.1200008392334,0
73,23.579999923706055,23.579999923706055,2019-04-10,23.579999923706055,23.579999923706055,23.579999923706055,0
74,23.459999084472656,23.459999084472656,2019-04-09,23.459999084472656,23.459999084472656,23.459999084472656,0
75,23.399999618530273,23.399999618530273,2019-04-08,23.399999618530273,23.399999618530273,23.399999618530273,0
76,23.299999237060547,23.299999237060547,2019-04-05,23.299999237060547,23.299999237060547,23.299999237060547,0
77,23.1200008392334,23.1200008392334,2019-04-04,23.1200008392334,23.1200008392334,23.1200008392334,0
78,23.110000610351562,23.110000610351562,2019-04-03,23.110000610351562,23.110000610351562,23.110000610351562,0
79,22.969999313354492,22.969999313354492,2019-04-02,22.969999313354492,22.969999313354492,22.969999313354492,0
80,23.09000015258789,23.09000015258789,2019-04-01,23.09000015258789,23.09000015258789,23.09000015258789,0
81,22.729999542236328,22.729999542236328,2019-03-29,22.729999542236328,22.729999542236328,22.729999542236328,0
82,22.18000030517578,22.18000030517578,2019-03-28,22.18000030517578,22.18000030517578,22.18000030517578,0
83,22.079999923706055,22.079999923706055,2019-03-27,22.079999923706055,22.079999923706055,22.079999923706055,0
84,22.06999969482422,22.06999969482422,2019-03-26,22.06999969482422,22.06999969482422,22.06999969482422,0
85,22.1200008392334,22.1200008392334,2019-03-25,22.1200008392334,22.1200008392334,22.1200008392334,0
86,22.229999542236328,22.229999542236328,2019-03-22,22.229999542236328,22.229999542236328,22.229999542236328,0
87,22.84000015258789,22.84000015258789,2019-03-21,22.84000015258789,22.84000015258789,22.84000015258789,0
88,22.799999237060547,22.799999237060547,2019-03-20,22.799999237060547,22.799999237060547,22.799999237060547,0
89,22.920000076293945,22.920000076293945,2019-03-19,22.920000076293945,22.920000076293945,22.920000076293945,0
90,22.940000534057617,22.940000534057617,2019-03-18,22.940000534057617,22.940000534057617,22.940000534057617,0
91,22.610000610351562,22.610000610351562,2019-03-15,22.610000610351562,22.610000610351562,22.610000610351562,0
92,22.43000030517578,22.43000030517578,2019-03-14,22.43000030517578,22.43000030517578,22.43000030517578,0
93,22.559999465942383,22.559999465942383,2019-03-13,22.559999465942383,22.559999465942383,22.559999465942383,0
94,22.639999389648438,22.639999389648438,2019-03-12,22.639999389648438,22.639999389648438,22.639999389648438,0
95,22.540000915527344,22.540000915527344,2019-03-11,22.540000915527344,22.540000915527344,22.540000915527344,0
96,21.940000534057617,21.940000534057617,2019-03-08,21.940000534057617,21.940000534057617,21.940000534057617,0
97,22.59000015258789,22.59000015258789,2019-03-07,22.59000015258789,22.59000015258789,22.59000015258789,0
98,23.309999465942383,23.309999465942383,2019-03-06,23.309999465942383,23.309999465942383,23.309999465942383,0
99,23.399999618530273,23.399999618530273,2019-03-05,23.399999618530273,23.399999618530273,23.399999618530273,0
100,23.350000381469727,23.350000381469727,2019-03-04,23.350000381469727,23.350000381469727,23.350000381469727,0
101,23.09000015258789,23.09000015258789,2019-03-01,23.09000015258789,23.09000015258789,23.09000015258789,0
102,22.719999313354492,22.719999313354492,2019-02-28,22.719999313354492,22.719999313354492,22.719999313354492,0
103,22.799999237060547,22.799999237060547,2019-02-27,22.799999237060547,22.799999237060547,22.799999237060547,0
104,23.100000381469727,23.100000381469727,2019-02-26,23.100000381469727,23.100000381469727,23.100000381469727,0
105,23.280000686645508,23.280000686645508,2019-02-25,23.280000686645508,23.280000686645508,23.280000686645508,0
106,22.770000457763672,22.770000457763672,2019-02-22,22.770000457763672,22.770000457763672,22.770000457763672,0
107,22.18000030517578,22.18000030517578,2019-02-21,22.18000030517578,22.18000030517578,22.18000030517578,0
108,22.200000762939453,22.200000762939453,2019-02-20,22.200000762939453,22.200000762939453,22.200000762939453,0
109,21.969999313354492,21.969999313354492,2019-02-19,21.969999313354492,21.969999313354492,21.969999313354492,0
110,21.559999465942383,21.559999465942383,2019-02-15,21.559999465942383,21.559999465942383,21.559999465942383,0
111,21.8799991607666,21.8799991607666,2019-02-14,21.8799991607666,21.8799991607666,21.8799991607666,0
112,21.940000534057617,21.940000534057617,2019-02-13,21.940000534057617,21.940000534057617,21.940000534057617,0
113,21.65999984741211,21.65999984741211,2019-02-12,21.65999984741211,21.65999984741211,21.65999984741211,0
114,21.489999771118164,21.489999771118164,2019-02-11,21.489999771118164,21.489999771118164,21.489999771118164,0
115,21.350000381469727,21.350000381469727,2019-02-08,21.350000381469727,21.350000381469727,21.350000381469727,0
116,21.270000457763672,21.270000457763672,2019-02-07,21.270000457763672,21.270000457763672,21.270000457763672,0
117,21.690000534057617,21.690000534057617,2019-02-06,21.690000534057617,21.690000534057617,21.690000534057617,0
118,21.8799991607666,21.8799991607666,2019-02-05,21.8799991607666,21.8799991607666,21.8799991607666,0
119,21.6299991607666,21.6299991607666,2019-02-04,21.6299991607666,21.6299991607666,21.6299991607666,0
120,21.600000381469727,21.600000381469727,2019-02-01,21.600000381469727,21.600000381469727,21.600000381469727,0
121,21.610000610351562,21.610000610351562,2019-01-31,21.610000610351562,21.610000610351562,21.610000610351562,0
122,21.3700008392334,21.3700008392334,2019-01-30,21.3700008392334,21.3700008392334,21.3700008392334,0
123,20.989999771118164,20.989999771118164,2019-01-29,20.989999771118164,20.989999771118164,20.989999771118164,0
124,21.040000915527344,21.040000915527344,2019-01-28,21.040000915527344,21.040000915527344,21.040000915527344,0
125,21.200000762939453,21.200000762939453,2019-01-25,21.200000762939453,21.200000762939453,21.200000762939453,0
126,20.799999237060547,20.799999237060547,2019-01-24,20.799999237060547,20.799999237060547,20.799999237060547,0
127,20.579999923706055,20.579999923706055,2019-01-23,20.579999923706055,20.579999923706055,20.579999923706055,0
128,20.5,20.5,2019-01-22,20.5,20.5,20.5,0
129,21.040000915527344,21.040000915527344,2019-01-18,21.040000915527344,21.040000915527344,21.040000915527344,0
130,20.649999618530273,20.649999618530273,2019-01-17,20.649999618530273,20.649999618530273,20.649999618530273,0
131,20.6299991607666,20.6299991607666,2019-01-16,20.6299991607666,20.6299991607666,20.6299991607666,0
132,20.479999542236328,20.479999542236328,2019-01-15,20.479999542236328,20.479999542236328,20.479999542236328,0
133,20.110000610351562,20.110000610351562,2019-01-14,20.110000610351562,20.110000610351562,20.110000610351562,0
134,20.420000076293945,20.420000076293945,2019-01-11,20.420000076293945,20.420000076293945,20.420000076293945,0
135,20.5,20.5,2019-01-10,20.5,20.5,20.5,0
136,20.479999542236328,20.479999542236328,2019-01-09,20.479999542236328,20.479999542236328,20.479999542236328,0
137,20.020000457763672,20.020000457763672,2019-01-08,20.020000457763672,20.020000457763672,20.020000457763672,0
138,19.90999984741211,19.90999984741211,2019-01-07,19.90999984741211,19.90999984741211,19.90999984741211,0
139,19.799999237060547,19.799999237060547,2019-01-04,19.799999237060547,19.799999237060547,19.799999237060547,0
140,19.030000686645508,19.030000686645508,2019-01-03,19.030000686645508,19.030000686645508,19.030000686645508,0
141,19.459999084472656,19.459999084472656,2019-01-02,19.459999084472656,19.459999084472656,19.459999084472656,0
142,19.700000762939453,19.700000762939453,2018-12-31,19.700000762939453,19.700000762939453,19.700000762939453,0
143,19.6299991607666,19.6299991607666,2018-12-28,19.6299991607666,19.6299991607666,19.6299991607666,0
144,19.65999984741211,19.65999984741211,2018-12-27,19.65999984741211,19.65999984741211,19.65999984741211,0
145,19.690000534057617,19.690000534057617,2018-12-26,19.690000534057617,19.690000534057617,19.690000534057617,0
146,19.18000030517578,19.18000030517578,2018-12-24,19.18000030517578,19.18000030517578,19.18000030517578,0
147,19.260000228881836,19.260000228881836,2018-12-21,19.260000228881836,19.260000228881836,19.260000228881836,0
148,19.399999618530273,19.399999618530273,2018-12-20,19.399999618530273,19.399999618530273,19.399999618530273,0
149,19.520000457763672,19.520000457763672,2018-12-19,19.520000457763672,19.520000457763672,19.520000457763672,0
150,19.83300018310547,21.520000457763672,2018-12-18,21.520000457763672,21.520000457763672,21.520000457763672,0
151,19.869863510131836,21.559999465942383,2018-12-17,21.559999465942383,21.559999465942383,21.559999465942383,0
152,20.210859298706055,21.93000030517578,2018-12-14,21.93000030517578,21.93000030517578,21.93000030517578,0
153,20.56106948852539,22.309999465942383,2018-12-13,22.309999465942383,22.309999465942383,22.309999465942383,0
154,20.459693908691406,22.200000762939453,2018-12-12,22.200000762939453,22.200000762939453,22.200000762939453,0
155,20.109481811523438,21.81999969482422,2018-12-11,21.81999969482422,21.81999969482422,21.81999969482422,0
156,20.109481811523438,21.81999969482422,2018-12-10,21.81999969482422,21.81999969482422,21.81999969482422,0
157,20.155563354492188,21.8700008392334,2018-12-07,21.8700008392334,21.8700008392334,21.8700008392334,0
158,20.524206161499023,22.270000457763672,2018-12-06,22.270000457763672,22.270000457763672,22.270000457763672,0
159,20.948144912719727,22.729999542236328,2018-12-04,22.729999542236328,22.729999542236328,22.729999542236328,0
160,21.279924392700195,23.09000015258789,2018-12-03,23.09000015258789,23.09000015258789,23.09000015258789,0
161,20.929712295532227,22.709999084472656,2018-11-30,22.709999084472656,22.709999084472656,22.709999084472656,0
162,20.690095901489258,22.450000762939453,2018-11-29,22.450000762939453,22.450000762939453,22.450000762939453,0
163,20.92049789428711,22.700000762939453,2018-11-28,22.700000762939453,22.700000762939453,22.700000762939453,0
164,20.625581741333008,22.3799991607666,2018-11-27,22.3799991607666,22.3799991607666,22.3799991607666,0
165,20.59793472290039,22.350000381469727,2018-11-26,22.350000381469727,22.350000381469727,22.350000381469727,0
166,20.201642990112305,21.920000076293945,2018-11-23,21.920000076293945,21.920000076293945,21.920000076293945,0
167,20.266155242919922,21.989999771118164,2018-11-21,21.989999771118164,21.989999771118164,21.989999771118164,0
168,19.980457305908203,21.68000030517578,2018-11-20,21.68000030517578,21.68000030517578,21.68000030517578,0
169,20.183210372924805,21.899999618530273,2018-11-19,21.899999618530273,21.899999618530273,21.899999618530273,0
170,20.524206161499023,22.270000457763672,2018-11-16,22.270000457763672,22.270000457763672,22.270000457763672,0
171,20.60715103149414,22.360000610351562,2018-11-15,22.360000610351562,22.360000610351562,22.360000610351562,0
172,20.146347045898438,21.860000610351562,2018-11-14,21.860000610351562,21.860000610351562,21.860000610351562,0
173,20.02653694152832,21.729999542236328,2018-11-13,21.729999542236328,21.729999542236328,21.729999542236328,0
174,19.676326751708984,21.350000381469727,2018-11-12,21.350000381469727,21.350000381469727,21.350000381469727,0
175,19.925161361694336,21.6200008392334,2018-11-09,21.6200008392334,21.6200008392334,21.6200008392334,0
176,20.432044982910156,22.170000076293945,2018-11-08,22.170000076293945,22.170000076293945,22.170000076293945,0
177,20.819120407104492,22.59000015258789,2018-11-07,22.59000015258789,22.59000015258789,22.59000015258789,0
178,20.533422470092773,22.280000686645508,2018-11-06,22.280000686645508,22.280000686645508,22.280000686645508,0
179,20.432044982910156,22.170000076293945,2018-11-05,22.170000076293945,22.170000076293945,22.170000076293945,0
180,20.542638778686523,22.290000915527344,2018-11-02,22.290000915527344,22.290000915527344,22.290000915527344,0
181,20.413612365722656,22.149999618530273,2018-11-01,22.149999618530273,22.149999618530273,22.149999618530273,0
182,19.685543060302734,21.360000610351562,2018-10-31,21.360000610351562,21.360000610351562,21.360000610351562,0
183,19.28925132751465,20.93000030517578,2018-10-30,20.93000030517578,20.93000030517578,20.93000030517578,0
184,19.141794204711914,20.770000457763672,2018-10-29,20.770000457763672,20.770000457763672,20.770000457763672,0
185,19.621030807495117,21.290000915527344,2018-10-26,21.290000915527344,21.290000915527344,21.290000915527344,0
186,20.05418586730957,21.760000228881836,2018-10-25,21.760000228881836,21.760000228881836,21.760000228881836,0
187,19.685543060302734,21.360000610351562,2018-10-24,21.360000610351562,21.360000610351562,21.360000610351562,0
188,20.33066749572754,22.059999465942383,2018-10-23,22.059999465942383,22.059999465942383,22.059999465942383,0
189,20.800687789916992,22.56999969482422,2018-10-22,22.56999969482422,22.56999969482422,22.56999969482422,0
190,20.35831642150879,22.09000015258789,2018-10-19,22.09000015258789,22.09000015258789,22.09000015258789,0
191,20.109481811523438,21.81999969482422,2018-10-18,21.81999969482422,21.81999969482422,21.81999969482422,0
192,20.56106948852539,22.309999465942383,2018-10-17,22.309999465942383,22.309999465942383,22.309999465942383,0
193,20.699310302734375,22.459999084472656,2018-10-16,22.459999084472656,22.459999084472656,22.459999084472656,0
194,20.450477600097656,22.190000534057617,2018-10-15,22.190000534057617,22.190000534057617,22.190000534057617,0
195,20.763824462890625,22.530000686645508,2018-10-12,22.530000686645508,22.530000686645508,22.530000686645508,0
196,20.284587860107422,22.010000228881836,2018-10-11,22.010000228881836,22.010000228881836,22.010000228881836,0
197,20.459693908691406,22.200000762939453,2018-10-10,22.200000762939453,22.200000762939453,22.200000762939453,0
198,20.957361221313477,22.739999771118164,2018-10-09,22.739999771118164,22.739999771118164,22.739999771118164,0
199,21.12325096130371,22.920000076293945,2018-10-08,22.920000076293945,22.920000076293945,22.920000076293945,0
200,21.39051628112793,23.209999084472656,2018-10-05,23.209999084472656,23.209999084472656,23.209999084472656,0
201,21.39973258972168,23.219999313354492,2018-10-04,23.219999313354492,23.219999313354492,23.219999313354492,0
202,21.906618118286133,23.770000457763672,2018-10-03,23.770000457763672,23.770000457763672,23.770000457763672,0
203,21.925050735473633,23.790000915527344,2018-10-02,23.790000915527344,23.790000915527344,23.790000915527344,0
204,22.431934356689453,24.34000015258789,2018-10-01,24.34000015258789,24.34000015258789,24.34000015258789,0
205,22.46879768371582,24.3799991607666,2018-09-28,24.3799991607666,24.3799991607666,24.3799991607666,0
206,22.560958862304688,24.479999542236328,2018-09-27,24.479999542236328,24.479999542236328,24.479999542236328,0
207,22.680768966674805,24.610000610351562,2018-09-26,24.610000610351562,24.610000610351562,24.610000610351562,0
208,22.662336349487305,24.59000015258789,2018-09-25,24.59000015258789,24.59000015258789,24.59000015258789,0
209,22.570175170898438,24.489999771118164,2018-09-24,24.489999771118164,24.489999771118164,24.489999771118164,0
210,22.938817977905273,24.889999389648438,2018-09-21,24.889999389648438,24.889999389648438,24.889999389648438,0
211,22.736064910888672,24.670000076293945,2018-09-20,24.670000076293945,24.670000076293945,24.670000076293945,0
212,22.560958862304688,24.479999542236328,2018-09-19,24.479999542236328,24.479999542236328,24.479999542236328,0
213,22.155452728271484,24.040000915527344,2018-09-18,24.040000915527344,24.040000915527344,24.040000915527344,0
214,21.95269775390625,23.81999969482422,2018-09-17,23.81999969482422,23.81999969482422,23.81999969482422,0
215,22.395069122314453,24.299999237060547,2018-09-14,24.299999237060547,24.299999237060547,24.299999237060547,0
216,22.431934356689453,24.34000015258789,2018-09-13,24.34000015258789,24.34000015258789,24.34000015258789,0
217,21.7591609954834,23.610000610351562,2018-09-12,23.610000610351562,23.610000610351562,23.610000610351562,0
218,21.777591705322266,23.6299991607666,2018-09-11,23.6299991607666,23.6299991607666,23.6299991607666,0
219,21.805240631103516,23.65999984741211,2018-09-10,23.65999984741211,23.65999984741211,23.65999984741211,0
220,22.312124252319336,24.209999084472656,2018-09-07,24.209999084472656,24.209999084472656,24.209999084472656,0
221,22.29369354248047,24.190000534057617,2018-09-06,24.190000534057617,24.190000534057617,24.190000534057617,0
222,22.588607788085938,24.510000228881836,2018-09-05,24.510000228881836,24.510000228881836,24.510000228881836,0
223,23.252164840698242,25.229999542236328,2018-09-04,25.229999542236328,25.229999542236328,25.229999542236328,0
224,23.418054580688477,25.40999984741211,2018-08-31,25.40999984741211,25.40999984741211,25.40999984741211,0
225,23.418054580688477,25.40999984741211,2018-08-30,25.40999984741211,25.40999984741211,25.40999984741211,0
226,24.14612579345703,26.200000762939453,2018-08-29,26.200000762939453,26.200000762939453,26.200000762939453,0
227,24.09082794189453,26.139999389648438,2018-08-28,26.139999389648438,26.139999389648438,26.139999389648438,0
228,24.11847686767578,26.170000076293945,2018-08-27,26.170000076293945,26.170000076293945,26.170000076293945,0
229,23.473350524902344,25.469999313354492,2018-08-24,25.469999313354492,25.469999313354492,25.469999313354492,0
230,23.36275863647461,25.350000381469727,2018-08-23,25.350000381469727,25.350000381469727,25.350000381469727,0
231,23.712968826293945,25.729999542236328,2018-08-22,25.729999542236328,25.729999542236328,25.729999542236328,0
232,23.454919815063477,25.450000762939453,2018-08-21,25.450000762939453,25.450000762939453,25.450000762939453,0
233,23.132356643676758,25.100000381469727,2018-08-20,25.100000381469727,25.100000381469727,25.100000381469727,0
234,22.855873107910156,24.799999237060547,2018-08-17,24.799999237060547,24.799999237060547,24.799999237060547,0
235,22.717632293701172,24.649999618530273,2018-08-16,24.649999618530273,24.649999618530273,24.649999618530273,0
236,22.441150665283203,24.350000381469727,2018-08-15,24.350000381469727,24.350000381469727,24.350000381469727,0
237,23.178436279296875,25.149999618530273,2018-08-14,25.149999618530273,25.149999618530273,25.149999618530273,0
238,23.777481079101562,25.799999237060547,2018-08-13,25.799999237060547,25.799999237060547,25.799999237060547,0
239,24.21063804626465,26.270000457763672,2018-08-10,26.270000457763672,26.270000457763672,26.270000457763672,0
240,24.302797317504883,26.3700008392334,2018-08-09,26.3700008392334,26.3700008392334,26.3700008392334,0
241,24.017099380493164,26.059999465942383,2018-08-08,26.059999465942383,26.059999465942383,26.059999465942383,0
242,24.09082794189453,26.139999389648438,2018-08-07,26.139999389648438,26.139999389648438,26.139999389648438,0
243,23.740617752075195,25.760000228881836,2018-08-06,25.760000228881836,25.760000228881836,25.760000228881836,0
244,23.823562622070312,25.850000381469727,2018-08-03,25.850000381469727,25.850000381469727,25.850000381469727,0
245,23.924938201904297,25.959999084472656,2018-08-02,25.959999084472656,25.959999084472656,25.959999084472656,0
246,24.247501373291016,26.309999465942383,2018-08-01,26.309999465942383,26.309999465942383,26.309999465942383,0
247,24.477903366088867,26.559999465942383,2018-07-31,26.559999465942383,26.559999465942383,26.559999465942383,0
248,24.477903366088867,26.559999465942383,2018-07-30,26.559999465942383,26.559999465942383,26.559999465942383,0
249,24.85576057434082,26.969999313354492,2018-07-27,26.969999313354492,26.969999313354492,26.969999313354492,0
250,25.123027801513672,27.260000228881836,2018-07-26,27.260000228881836,27.260000228881836,27.260000228881836,0
251,25.500886917114258,27.670000076293945,2018-07-25,27.670000076293945,27.670000076293945,27.670000076293945,0
252,24.975570678710938,27.100000381469727,2018-07-24,27.100000381469727,27.100000381469727,27.100000381469727,0
253,24.68987274169922,26.790000915527344,2018-07-23,26.790000915527344,26.790000915527344,26.790000915527344,0
254,24.717519760131836,26.81999969482422,2018-07-20,26.81999969482422,26.81999969482422,26.81999969482422,0
255,24.533199310302734,26.6200008392334,2018-07-19,26.6200008392334,26.6200008392334,26.6200008392334,0
256,24.87419319152832,26.989999771118164,2018-07-18,26.989999771118164,26.989999771118164,26.989999771118164,0
257,24.947921752929688,27.06999969482422,2018-07-17,27.06999969482422,27.06999969482422,27.06999969482422,0
258,24.984786987304688,27.110000610351562,2018-07-16,27.110000610351562,27.110000610351562,27.110000610351562,0
259,25.012434005737305,27.139999389648438,2018-07-13,27.139999389648438,27.139999389648438,27.139999389648438,0
260,25.132244110107422,27.270000457763672,2018-07-12,27.270000457763672,27.270000457763672,27.270000457763672,0
261,24.68065643310547,26.780000686645508,2018-07-11,26.780000686645508,26.780000686645508,26.780000686645508,0
262,25.086162567138672,27.219999313354492,2018-07-10,27.219999313354492,27.219999313354492,27.219999313354492,0
263,25.261268615722656,27.40999984741211,2018-07-09,27.40999984741211,27.40999984741211,27.40999984741211,0
264,24.91105842590332,27.030000686645508,2018-07-06,27.030000686645508,27.030000686645508,27.030000686645508,0
265,24.66222381591797,26.760000228881836,2018-07-05,26.760000228881836,26.760000228881836,26.760000228881836,0
266,24.68987274169922,26.790000915527344,2018-07-03,26.790000915527344,26.790000915527344,26.790000915527344,0
267,24.929489135742188,27.049999237060547,2018-07-02,27.049999237060547,27.049999237060547,27.049999237060547,0
268,25.030866622924805,27.15999984741211,2018-06-29,27.15999984741211,27.15999984741211,27.15999984741211,0
269,24.67144012451172,26.770000457763672,2018-06-28,26.770000457763672,26.770000457763672,26.770000457763672,0
270,24.477903366088867,26.559999465942383,2018-06-27,26.559999465942383,26.559999465942383,26.559999465942383,0
271,25.261268615722656,27.40999984741211,2018-06-26,27.40999984741211,27.40999984741211,27.40999984741211,0
272,25.233619689941406,27.3799991607666,2018-06-25,27.3799991607666,27.3799991607666,27.3799991607666,0
273,26.063068389892578,28.280000686645508,2018-06-22,28.280000686645508,28.280000686645508,28.280000686645508,0
274,25.998554229736328,28.209999084472656,2018-06-21,28.209999084472656,28.209999084472656,28.209999084472656,0
275,26.54230308532715,28.799999237060547,2018-06-20,28.799999237060547,28.799999237060547,28.799999237060547,0
276,26.49622344970703,28.75,2018-06-19,28.75,28.75,28.75,0
277,27.0676212310791,29.3700008392334,2018-06-18,29.3700008392334,29.3700008392334,29.3700008392334,0
278,27.14134979248047,29.450000762939453,2018-06-15,29.450000762939453,29.450000762939453,29.450000762939453,0
279,27.36253547668457,29.690000534057617,2018-06-14,29.690000534057617,29.690000534057617,29.690000534057617,0
280,27.224294662475586,29.540000915527344,2018-06-13,29.540000915527344,29.540000915527344,29.540000915527344,0
281,27.602153778076172,29.950000762939453,2018-06-12,29.950000762939453,29.950000762939453,29.950000762939453,0
