,adjclose,close,date,high,low,open,volume
0,75.19999694824219,75.19999694824219,2017-12-29,77.0999984741211,75.05000305175781,77.0999984741211,164500
1,76.9000015258789,76.9000015258789,2017-12-28,77.5999984741211,75.5999984741211,76.30000305175781,87500
2,76.69999694824219,76.69999694824219,2017-12-27,77.9000015258789,76.0,76.0,38300
3,76.0999984741211,76.0999984741211,2017-12-26,78.9000015258789,76.0,78.9000015258789,59100
4,79.30000305175781,79.30000305175781,2017-12-22,80.80999755859375,79.05000305175781,80.5,37100
5,80.5,80.5,2017-12-21,80.80000305175781,79.4000015258789,79.69999694824219,61900
6,79.3499984741211,79.3499984741211,2017-12-20,80.25,78.8499984741211,80.25,43000
7,80.19999694824219,80.19999694824219,2017-12-19,80.25,78.6500015258789,79.55000305175781,51600
8,79.6500015258789,79.6500015258789,2017-12-18,81.19999694824219,78.30000305175781,78.75,52300
9,78.0999984741211,78.0999984741211,2017-12-15,78.69999694824219,74.6500015258789,75.30000305175781,171600
10,75.0999984741211,75.0999984741211,2017-12-14,76.25,74.83000183105469,75.75,78000
11,75.5999984741211,75.5999984741211,2017-12-13,76.1500015258789,75.30000305175781,75.3499984741211,46300
12,75.19999694824219,75.19999694824219,2017-12-12,76.19999694824219,75.0,75.5999984741211,48300
13,75.30000305175781,75.30000305175781,2017-12-11,76.5999984741211,75.05000305175781,75.05000305175781,76800
14,75.30000305175781,75.30000305175781,2017-12-08,77.30000305175781,75.05000305175781,76.19999694824219,64600
15,75.8499984741211,75.8499984741211,2017-12-07,77.44999694824219,75.5999984741211,76.95999908447266,63900
16,76.5,76.5,2017-12-06,79.05000305175781,76.44999694824219,78.05000305175781,50200
17,78.19999694824219,78.19999694824219,2017-12-05,80.1500015258789,78.19999694824219,79.0,68800
18,79.0,79.0,2017-12-04,79.5999984741211,78.75,79.19999694824219,96000
19,78.44999694824219,78.44999694824219,2017-12-01,81.0999984741211,76.5999984741211,81.0999984741211,109000
20,81.19999694824219,81.19999694824219,2017-11-30,82.6500015258789,81.05000305175781,82.1500015258789,86400
21,81.5999984741211,81.5999984741211,2017-11-29,82.69999694824219,80.75,82.69999694824219,60100
22,82.69999694824219,82.69999694824219,2017-11-28,82.8499984741211,80.94999694824219,80.94999694824219,81700
23,80.55000305175781,80.55000305175781,2017-11-27,80.6500015258789,79.8499984741211,80.5,52000
24,80.6500015258789,80.6500015258789,2017-11-24,82.4000015258789,80.3499984741211,82.4000015258789,36200
25,81.55000305175781,81.55000305175781,2017-11-22,82.8499984741211,81.05000305175781,82.30000305175781,84000
26,82.0,82.0,2017-11-21,82.05000305175781,80.69999694824219,80.69999694824219,95500
27,80.0999984741211,80.0999984741211,2017-11-20,80.1500015258789,78.8499984741211,79.69999694824219,88300
28,79.44999694824219,79.44999694824219,2017-11-17,80.44999694824219,78.4000015258789,79.0,133500
29,79.55000305175781,79.55000305175781,2017-11-16,79.80000305175781,77.25,77.25,92300
30,76.75,76.75,2017-11-15,77.1500015258789,76.0,76.4000015258789,67700
31,76.94999694824219,76.94999694824219,2017-11-14,77.9000015258789,76.05000305175781,77.1500015258789,102900
32,77.4000015258789,77.4000015258789,2017-11-13,77.44999694824219,75.19999694824219,75.9000015258789,89100
33,76.19999694824219,76.19999694824219,2017-11-10,77.30000305175781,76.19999694824219,76.5999984741211,47700
34,76.44999694824219,76.44999694824219,2017-11-09,76.5,74.1500015258789,74.80000305175781,87000
35,75.69999694824219,75.69999694824219,2017-11-08,76.19999694824219,73.5,74.55000305175781,85300
36,74.94999694824219,74.94999694824219,2017-11-07,75.69999694824219,73.94999694824219,75.4000015258789,81300
37,74.69999694824219,74.69999694824219,2017-11-06,75.5,72.27999877929688,74.0,132100
38,74.25,74.25,2017-11-03,89.94999694824219,74.19999694824219,89.94999694824219,388700
39,96.0,96.0,2017-11-02,97.3499984741211,95.75,96.55000305175781,66500
40,96.5,96.5,2017-11-01,97.1500015258789,95.0,95.80000305175781,102100
41,95.5999984741211,95.5999984741211,2017-10-31,96.3499984741211,93.6500015258789,93.6500015258789,60300
42,93.19999694824219,93.19999694824219,2017-10-30,94.0,92.3499984741211,93.80000305175781,98800
43,93.8499984741211,93.8499984741211,2017-10-27,93.94999694824219,92.5999984741211,93.4000015258789,81100
44,92.8499984741211,92.8499984741211,2017-10-26,93.1500015258789,91.80000305175781,92.19999694824219,148600
45,92.19999694824219,92.19999694824219,2017-10-25,92.80000305175781,91.94999694824219,92.19999694824219,68300
46,92.25,92.25,2017-10-24,93.3499984741211,92.19999694824219,92.55000305175781,46800
47,92.3499984741211,92.3499984741211,2017-10-23,93.1500015258789,91.8499984741211,92.25,98400
48,92.4000015258789,92.4000015258789,2017-10-20,93.05000305175781,91.9800033569336,92.44999694824219,123300
49,92.3499984741211,92.3499984741211,2017-10-19,93.5999984741211,91.30000305175781,93.55000305175781,166600
50,94.3499984741211,94.3499984741211,2017-10-18,96.1500015258789,94.0999984741211,95.5999984741211,84400
51,95.6500015258789,95.6500015258789,2017-10-17,96.69999694824219,95.55000305175781,96.44999694824219,25700
52,96.75,96.75,2017-10-16,97.75,96.0999984741211,96.55000305175781,71900
53,95.94999694824219,95.94999694824219,2017-10-13,97.19999694824219,95.80000305175781,96.44999694824219,45700
54,96.25,96.25,2017-10-12,97.69999694824219,96.05000305175781,96.55000305175781,75700
55,96.6500015258789,96.6500015258789,2017-10-11,96.9000015258789,95.5,96.4000015258789,57100
56,96.05000305175781,96.05000305175781,2017-10-10,96.6500015258789,94.9000015258789,95.3499984741211,48700
57,94.8499984741211,94.8499984741211,2017-10-09,94.94999694824219,93.30000305175781,93.75,59100
58,93.4000015258789,93.4000015258789,2017-10-06,94.25,92.0999984741211,94.19999694824219,92600
59,94.25,94.25,2017-10-05,95.6500015258789,94.1500015258789,95.25,51500
60,95.19999694824219,95.19999694824219,2017-10-04,95.80000305175781,94.9000015258789,95.75,64700
61,95.44999694824219,95.44999694824219,2017-10-03,95.44999694824219,92.80000305175781,94.5999984741211,84900
62,94.44999694824219,94.44999694824219,2017-10-02,94.5,92.25,92.75,96600
63,92.44999694824219,92.44999694824219,2017-09-29,93.94999694824219,91.8499984741211,93.4000015258789,132200
64,93.05000305175781,93.05000305175781,2017-09-28,93.18000030517578,89.9000015258789,90.44999694824219,61800
65,90.25,90.25,2017-09-27,90.3499984741211,88.0,88.4000015258789,141000
66,87.69999694824219,87.69999694824219,2017-09-26,88.19999694824219,86.69999694824219,88.19999694824219,155600
67,87.94999694824219,87.94999694824219,2017-09-25,88.69999694824219,86.0999984741211,88.69999694824219,110100
68,88.5999984741211,88.5999984741211,2017-09-22,88.8499984741211,87.75,87.75,37500
69,87.55000305175781,87.55000305175781,2017-09-21,87.6500015258789,86.7300033569336,87.19999694824219,84200
70,87.1500015258789,87.1500015258789,2017-09-20,87.1500015258789,85.55000305175781,86.0999984741211,54300
71,86.44999694824219,86.44999694824219,2017-09-19,86.77999877929688,84.05000305175781,84.4000015258789,130000
72,83.9000015258789,83.9000015258789,2017-09-18,84.75,82.6500015258789,82.9000015258789,136700
73,81.5,81.5,2017-09-15,81.5,79.9000015258789,80.55000305175781,258900
74,80.4000015258789,80.4000015258789,2017-09-14,80.75,79.1500015258789,80.0999984741211,57400
75,80.05000305175781,80.05000305175781,2017-09-13,80.1500015258789,77.94999694824219,78.3499984741211,82700
76,78.3499984741211,78.3499984741211,2017-09-12,78.8499984741211,78.0,78.75,78500
77,78.75,78.75,2017-09-11,79.25,77.8499984741211,78.4000015258789,109300
78,78.05000305175781,78.05000305175781,2017-09-08,79.8499984741211,78.05000305175781,79.8499984741211,109900
79,79.8499984741211,79.8499984741211,2017-09-07,81.5999984741211,79.69999694824219,81.3499984741211,83200
80,81.3499984741211,81.3499984741211,2017-09-06,83.75,80.94999694824219,82.69999694824219,74700
81,82.69999694824219,82.69999694824219,2017-09-05,83.69999694824219,82.0999984741211,82.94999694824219,59500
82,83.1500015258789,83.1500015258789,2017-09-01,84.05000305175781,82.69999694824219,83.9000015258789,50700
83,83.69999694824219,83.69999694824219,2017-08-31,83.8499984741211,82.9000015258789,82.94999694824219,48000
84,82.69999694824219,82.69999694824219,2017-08-30,83.0999984741211,81.69999694824219,82.25,63900
85,82.05000305175781,82.05000305175781,2017-08-29,82.4000015258789,81.4000015258789,81.6500015258789,70300
86,81.69999694824219,81.69999694824219,2017-08-28,81.94999694824219,81.18000030517578,81.94999694824219,52800
87,81.5999984741211,81.5999984741211,2017-08-25,82.1500015258789,81.0,81.75,37100
88,81.25,81.25,2017-08-24,81.8499984741211,80.80000305175781,81.8499984741211,37400
89,81.5,81.5,2017-08-23,82.5999984741211,81.30000305175781,81.94999694824219,38400
90,82.5999984741211,82.5999984741211,2017-08-22,83.1500015258789,82.1500015258789,82.1500015258789,56000
91,81.6500015258789,81.6500015258789,2017-08-21,82.0,81.1500015258789,81.80000305175781,55600
92,81.5999984741211,81.5999984741211,2017-08-18,82.44999694824219,80.19999694824219,80.19999694824219,173200
93,80.69999694824219,80.69999694824219,2017-08-17,81.69999694824219,79.6500015258789,81.0,90000
94,81.19999694824219,81.19999694824219,2017-08-16,82.30000305175781,79.5999984741211,81.5,63400
95,81.05000305175781,81.05000305175781,2017-08-15,82.5,80.94999694824219,82.3499984741211,66500
96,81.8499984741211,81.8499984741211,2017-08-14,82.5,81.25,81.25,77100
97,80.55000305175781,80.55000305175781,2017-08-11,81.94999694824219,79.9000015258789,81.5,63600
98,81.19999694824219,81.19999694824219,2017-08-10,83.44999694824219,81.05000305175781,82.69999694824219,58900
99,82.8499984741211,82.8499984741211,2017-08-09,83.75,82.19999694824219,83.1500015258789,73300
100,83.44999694824219,83.44999694824219,2017-08-08,85.19999694824219,83.3499984741211,85.0,57500
101,84.69999694824219,84.69999694824219,2017-08-07,86.1500015258789,84.55000305175781,86.0999984741211,49700
102,86.05000305175781,86.05000305175781,2017-08-04,89.55000305175781,86.05000305175781,88.8499984741211,126900
103,88.75,88.75,2017-08-03,89.6500015258789,84.05000305175781,84.80000305175781,118000
104,82.3499984741211,82.3499984741211,2017-08-02,83.87999725341797,81.1500015258789,82.75,60800
105,82.30000305175781,82.30000305175781,2017-08-01,82.44999694824219,80.25,81.0999984741211,108500
106,80.9000015258789,80.9000015258789,2017-07-31,81.3499984741211,80.3499984741211,81.25,77700
107,81.19999694824219,81.19999694824219,2017-07-28,81.30000305175781,80.30000305175781,80.3499984741211,51800
108,80.80000305175781,80.80000305175781,2017-07-27,81.5999984741211,80.19999694824219,81.05000305175781,82400
109,80.6500015258789,80.6500015258789,2017-07-26,81.4000015258789,80.23999786376953,81.19999694824219,36400
110,80.80000305175781,80.80000305175781,2017-07-25,80.94999694824219,79.0999984741211,80.1500015258789,50600
111,79.75,79.75,2017-07-24,80.0999984741211,78.9000015258789,79.05000305175781,37300
112,79.0,79.0,2017-07-21,79.80000305175781,78.6500015258789,79.80000305175781,59300
113,79.5,79.5,2017-07-20,79.5999984741211,78.8499984741211,79.4000015258789,47400
114,79.1500015258789,79.1500015258789,2017-07-19,79.44999694824219,78.05000305175781,78.05000305175781,53100
115,77.94999694824219,77.94999694824219,2017-07-18,77.94999694824219,76.7699966430664,77.25,41600
116,77.30000305175781,77.30000305175781,2017-07-17,77.6500015258789,76.55000305175781,77.25,56600
117,76.8499984741211,76.8499984741211,2017-07-14,77.25,76.19999694824219,77.05000305175781,38000
118,76.8499984741211,76.8499984741211,2017-07-13,77.3499984741211,75.80000305175781,77.30000305175781,45600
119,77.19999694824219,77.19999694824219,2017-07-12,77.9000015258789,76.69999694824219,77.0,39000
120,76.25,76.25,2017-07-11,76.9000015258789,74.94999694824219,75.5,58500
121,75.5,75.5,2017-07-10,75.69999694824219,74.75,75.25,60600
122,75.30000305175781,75.30000305175781,2017-07-07,75.4000015258789,73.8499984741211,73.8499984741211,39500
123,73.55000305175781,73.55000305175781,2017-07-06,73.75,72.37999725341797,73.3499984741211,69000
124,73.75,73.75,2017-07-05,74.30000305175781,72.80000305175781,74.0,62000
125,73.75,73.75,2017-07-03,74.5999984741211,73.25,74.5999984741211,28300
126,74.0999984741211,74.0999984741211,2017-06-30,74.75,73.4000015258789,74.3499984741211,89400
127,74.3499984741211,74.3499984741211,2017-06-29,75.4000015258789,72.0999984741211,74.9000015258789,73000
128,75.0,75.0,2017-06-28,75.05000305175781,73.66999816894531,73.80000305175781,59900
129,73.3499984741211,73.3499984741211,2017-06-27,74.25,73.3499984741211,73.55000305175781,75400
130,73.9000015258789,73.9000015258789,2017-06-26,75.0999984741211,72.9000015258789,74.69999694824219,77300
131,74.3499984741211,74.3499984741211,2017-06-23,74.75,72.01000213623047,72.55000305175781,250800
132,72.6500015258789,72.6500015258789,2017-06-22,73.8499984741211,72.4000015258789,73.44999694824219,84800
133,73.44999694824219,73.44999694824219,2017-06-21,74.75,73.30000305175781,74.5,84400
134,74.30000305175781,74.30000305175781,2017-06-20,74.8499984741211,73.19999694824219,74.44999694824219,72500
135,74.30000305175781,74.30000305175781,2017-06-19,75.5,74.05000305175781,74.8499984741211,73300
136,74.5,74.5,2017-06-16,75.80000305175781,74.1500015258789,74.69999694824219,115000
137,75.19999694824219,75.19999694824219,2017-06-15,75.44999694824219,74.2300033569336,74.5,60800
138,75.8499984741211,75.8499984741211,2017-06-14,77.25,75.0,77.25,58800
139,76.75,76.75,2017-06-13,77.05000305175781,75.4000015258789,76.80000305175781,78600
140,75.55000305175781,75.55000305175781,2017-06-12,78.4000015258789,75.1500015258789,78.4000015258789,187600
141,78.44999694824219,78.44999694824219,2017-06-09,81.30000305175781,77.68000030517578,79.94999694824219,191900
142,79.69999694824219,79.69999694824219,2017-06-08,79.69999694824219,78.55000305175781,79.05000305175781,133400
143,79.05000305175781,79.05000305175781,2017-06-07,79.6500015258789,78.75,79.0,81500
144,79.0,79.0,2017-06-06,79.44999694824219,78.5,78.5999984741211,58400
145,78.80000305175781,78.80000305175781,2017-06-05,79.4000015258789,78.30000305175781,78.3499984741211,54400
146,79.05000305175781,79.05000305175781,2017-06-02,79.83000183105469,78.75,78.75,93700
147,78.75,78.75,2017-06-01,79.1500015258789,78.1500015258789,79.0999984741211,216300
148,78.75,78.75,2017-05-31,79.30000305175781,77.1500015258789,77.75,168500
149,77.6500015258789,77.6500015258789,2017-05-30,78.55000305175781,77.0,77.0,116000
150,76.9000015258789,76.9000015258789,2017-05-26,78.0,76.6500015258789,77.9000015258789,115400
151,77.8499984741211,77.8499984741211,2017-05-25,78.19999694824219,71.5999984741211,74.0,236800
152,75.5,75.5,2017-05-24,76.19999694824219,74.30000305175781,74.69999694824219,117600
153,74.1500015258789,74.1500015258789,2017-05-23,74.44999694824219,73.75,74.25,84600
154,73.80000305175781,73.80000305175781,2017-05-22,74.94999694824219,73.30000305175781,73.55000305175781,75000
155,73.25,73.25,2017-05-19,73.94999694824219,73.0,73.44999694824219,107600
156,73.55000305175781,73.55000305175781,2017-05-18,74.0999984741211,73.19999694824219,73.3499984741211,104600
157,73.44999694824219,73.44999694824219,2017-05-17,73.9000015258789,73.05000305175781,73.5,143500
158,74.5999984741211,74.5999984741211,2017-05-16,74.5999984741211,72.69999694824219,72.69999694824219,68300
159,72.69999694824219,72.69999694824219,2017-05-15,73.22000122070312,72.0,72.5,59000
160,72.5,72.5,2017-05-12,73.5999984741211,72.0999984741211,72.3499984741211,64200
161,72.5999984741211,72.5999984741211,2017-05-11,73.05000305175781,71.9000015258789,72.0999984741211,52600
162,72.3499984741211,72.3499984741211,2017-05-10,73.55000305175781,72.19999694824219,73.05000305175781,84700
163,73.30000305175781,73.30000305175781,2017-05-09,73.5999984741211,72.30000305175781,73.30000305175781,74400
164,72.94999694824219,72.94999694824219,2017-05-08,73.5,71.9000015258789,72.19999694824219,67900
165,72.0999984741211,72.0999984741211,2017-05-05,72.30000305175781,70.75,71.9000015258789,52000
166,71.75,71.75,2017-05-04,71.9000015258789,71.25,71.80000305175781,51400
167,71.6500015258789,71.6500015258789,2017-05-03,72.0999984741211,70.6500015258789,71.4000015258789,134500
168,71.6500015258789,71.6500015258789,2017-05-02,72.80000305175781,71.30000305175781,72.44999694824219,96000
169,72.3499984741211,72.3499984741211,2017-05-01,72.4000015258789,71.25,71.55000305175781,82100
170,71.25,71.25,2017-04-28,72.0,71.0,71.4000015258789,86700
171,71.55000305175781,71.55000305175781,2017-04-27,71.9000015258789,71.19999694824219,71.55000305175781,67500
172,71.4000015258789,71.4000015258789,2017-04-26,71.8499984741211,70.5999984741211,71.4000015258789,62000
173,71.0999984741211,71.0999984741211,2017-04-25,71.5,70.0,70.0,90000
174,69.44999694824219,69.44999694824219,2017-04-24,69.5,68.1500015258789,68.80000305175781,84800
175,67.69999694824219,67.69999694824219,2017-04-21,67.8499984741211,66.0,67.44999694824219,60800
176,67.6500015258789,67.6500015258789,2017-04-20,67.75,65.75,66.1500015258789,123400
177,65.6500015258789,65.6500015258789,2017-04-19,65.80000305175781,65.19999694824219,65.5,40800
178,65.0,65.0,2017-04-18,65.69999694824219,64.25,65.4000015258789,43800
179,65.5,65.5,2017-04-17,65.55000305175781,64.30000305175781,64.6500015258789,46000
180,64.25,64.25,2017-04-13,65.0,63.7599983215332,64.3499984741211,37600
181,64.5999984741211,64.5999984741211,2017-04-12,65.69999694824219,64.19999694824219,65.69999694824219,34300
182,65.6500015258789,65.6500015258789,2017-04-11,66.0999984741211,64.55000305175781,65.25,53600
183,65.05000305175781,65.05000305175781,2017-04-10,65.5,64.55000305175781,65.0999984741211,42800
184,64.8499984741211,64.8499984741211,2017-04-07,65.3499984741211,64.44999694824219,65.1500015258789,36400
185,65.05000305175781,65.05000305175781,2017-04-06,65.0999984741211,63.849998474121094,64.44999694824219,58900
186,64.3499984741211,64.3499984741211,2017-04-05,67.75,64.30000305175781,66.0,105400
187,65.3499984741211,65.3499984741211,2017-04-04,66.6500015258789,64.94999694824219,66.0,99000
188,66.3499984741211,66.3499984741211,2017-04-03,68.69999694824219,66.0,67.94999694824219,69500
189,67.5250015258789,67.5250015258789,2017-03-31,67.7249984741211,66.30000305175781,67.17500305175781,134200
190,67.05000305175781,67.05000305175781,2017-03-30,67.69999694824219,66.5,67.17500305175781,70200
191,67.19999694824219,67.19999694824219,2017-03-29,67.30000305175781,66.4000015258789,66.875,45800
192,66.875,66.875,2017-03-28,67.0,65.92500305175781,66.6500015258789,81400
193,66.75,66.75,2017-03-27,67.17500305175781,65.94999694824219,66.30000305175781,53600
194,66.7249984741211,66.7249984741211,2017-03-24,67.25,66.2249984741211,66.6500015258789,54200
195,66.4000015258789,66.4000015258789,2017-03-23,66.42500305175781,65.5250015258789,65.5999984741211,31600
196,65.5,65.5,2017-03-22,65.7249984741211,64.55000305175781,64.7750015258789,80000
197,64.7249984741211,64.7249984741211,2017-03-21,66.375,64.5,65.75,73000
198,65.69999694824219,65.69999694824219,2017-03-20,66.875,65.55000305175781,66.875,52000
199,66.9000015258789,66.9000015258789,2017-03-17,67.44999694824219,65.42500305175781,65.5,196000
200,65.7750015258789,65.7750015258789,2017-03-16,66.69000244140625,65.4749984741211,65.80000305175781,64400
201,65.69999694824219,65.69999694824219,2017-03-15,66.07499694824219,65.44999694824219,65.4749984741211,64600
202,65.05000305175781,65.05000305175781,2017-03-14,65.6500015258789,64.63999938964844,65.07499694824219,62200
203,65.1500015258789,65.1500015258789,2017-03-13,65.92500305175781,64.875,65.5,76000
204,65.25,65.25,2017-03-10,66.17500305175781,64.44999694824219,65.3499984741211,48200
205,64.7249984741211,64.7249984741211,2017-03-09,66.0999984741211,64.55000305175781,65.0999984741211,76000
206,64.8499984741211,64.8499984741211,2017-03-08,65.5,64.82499694824219,65.32499694824219,42600
207,65.0250015258789,65.0250015258789,2017-03-07,65.25,64.30000305175781,64.7249984741211,124400
208,64.55000305175781,64.55000305175781,2017-03-06,64.9749984741211,63.5,64.0250015258789,54200
209,64.25,64.25,2017-03-03,65.17500305175781,63.525001525878906,65.17500305175781,62400
210,64.07499694824219,64.07499694824219,2017-03-02,70.5,63.70000076293945,64.92500305175781,69800
211,64.9749984741211,64.9749984741211,2017-03-01,65.2750015258789,64.17500305175781,64.17500305175781,79200
212,63.474998474121094,63.474998474121094,2017-02-28,64.33000183105469,62.75,63.974998474121094,83400
213,63.79999923706055,63.79999923706055,2017-02-27,64.25,63.14500045776367,63.625,82600
214,63.599998474121094,63.599998474121094,2017-02-24,63.70000076293945,62.45000076293945,62.5,56600
215,62.775001525878906,62.775001525878906,2017-02-23,63.82500076293945,62.45000076293945,63.099998474121094,49600
216,63.025001525878906,63.025001525878906,2017-02-22,63.125,62.25,62.29999923706055,45200
217,62.32500076293945,62.32500076293945,2017-02-21,62.400001525878906,61.099998474121094,61.25,79600
218,60.900001525878906,60.900001525878906,2017-02-17,61.525001525878906,60.650001525878906,61.20000076293945,75200
219,60.92499923706055,60.92499923706055,2017-02-16,61.375,60.25,61.375,52400
220,60.650001525878906,60.650001525878906,2017-02-15,60.79999923706055,60.025001525878906,60.70000076293945,110600
221,60.849998474121094,60.849998474121094,2017-02-14,61.45000076293945,60.290000915527344,60.900001525878906,98200
222,61.224998474121094,61.224998474121094,2017-02-13,61.79999923706055,61.07500076293945,61.75,82600
223,61.20000076293945,61.20000076293945,2017-02-10,61.70000076293945,60.974998474121094,61.42499923706055,84800
224,61.25,61.25,2017-02-09,61.51499938964844,60.650001525878906,60.650001525878906,122000
225,60.625,60.625,2017-02-08,61.67499923706055,60.42499923706055,60.75,73400
226,60.875,60.875,2017-02-07,61.95000076293945,59.95000076293945,60.125,97000
227,60.29999923706055,60.29999923706055,2017-02-06,60.45000076293945,59.29999923706055,59.70000076293945,159600
228,59.599998474121094,59.599998474121094,2017-02-03,62.25,56.650001525878906,57.04999923706055,190000
229,55.42499923706055,55.42499923706055,2017-02-02,56.5,55.125,56.07500076293945,40800
230,56.0,56.0,2017-02-01,56.84000015258789,55.650001525878906,56.45000076293945,42800
231,56.025001525878906,56.025001525878906,2017-01-31,56.4900016784668,55.125,55.57500076293945,78800
232,55.79999923706055,55.79999923706055,2017-01-30,56.29999923706055,55.084999084472656,56.150001525878906,36800
233,56.349998474121094,56.349998474121094,2017-01-27,56.875,56.32500076293945,56.54999923706055,30200
234,56.400001525878906,56.400001525878906,2017-01-26,57.0,54.375,56.75,47400
235,56.92499923706055,56.92499923706055,2017-01-25,57.150001525878906,56.42499923706055,56.525001525878906,53400
236,56.275001525878906,56.275001525878906,2017-01-24,56.42499923706055,55.400001525878906,55.400001525878906,51000
237,55.29999923706055,55.29999923706055,2017-01-23,55.54999923706055,54.529998779296875,55.42499923706055,32000
238,55.375,55.375,2017-01-20,55.92499923706055,54.275001525878906,54.82500076293945,53800
239,54.82500076293945,54.82500076293945,2017-01-19,55.45000076293945,54.67499923706055,55.150001525878906,46400
240,55.150001525878906,55.150001525878906,2017-01-18,56.224998474121094,54.875,55.20000076293945,49200
241,55.224998474121094,55.224998474121094,2017-01-17,56.375,55.224998474121094,56.349998474121094,39800
242,56.75,56.75,2017-01-13,57.32500076293945,55.724998474121094,56.0,33200
243,56.275001525878906,56.275001525878906,2017-01-12,57.92499923706055,55.724998474121094,57.92499923706055,44600
244,57.849998474121094,57.849998474121094,2017-01-11,58.375,57.04999923706055,57.349998474121094,76000
245,57.400001525878906,57.400001525878906,2017-01-10,57.98500061035156,56.525001525878906,56.625,79200
246,56.79999923706055,56.79999923706055,2017-01-09,57.5,56.650001525878906,57.07500076293945,75400
247,57.150001525878906,57.150001525878906,2017-01-06,58.0,56.875,58.0,54800
248,57.95000076293945,57.95000076293945,2017-01-05,59.15999984741211,57.775001525878906,59.125,60200
249,59.125,59.125,2017-01-04,59.20000076293945,57.025001525878906,57.025001525878906,80600
250,58.125,58.125,2017-01-03,58.375,57.17499923706055,58.07500076293945,81000
251,57.599998474121094,57.599998474121094,2016-12-30,58.3650016784668,57.07500076293945,58.099998474121094,154200
252,58.25,58.25,2016-12-29,58.375,57.57500076293945,58.04999923706055,45400
253,58.025001525878906,58.025001525878906,2016-12-28,59.349998474121094,57.900001525878906,59.349998474121094,64800
254,59.20000076293945,59.20000076293945,2016-12-27,59.625,58.42499923706055,58.5,97400
255,58.375,58.375,2016-12-23,59.369998931884766,58.224998474121094,59.150001525878906,63000
256,58.375,58.375,2016-12-22,59.0,57.70000076293945,58.974998474121094,56800
257,58.875,58.875,2016-12-21,59.400001525878906,58.39500045776367,58.39500045776367,75200
258,58.525001525878906,58.525001525878906,2016-12-20,58.70000076293945,57.92499923706055,58.17499923706055,84000
259,57.849998474121094,57.849998474121094,2016-12-19,58.54999923706055,57.75,58.07500076293945,67200
260,57.974998474121094,57.974998474121094,2016-12-16,59.04999923706055,57.79999923706055,58.20000076293945,178200
261,57.875,57.875,2016-12-15,58.95000076293945,57.79999923706055,58.25,109200
262,58.099998474121094,58.099998474121094,2016-12-14,58.650001525878906,57.0,57.599998474121094,66000
263,57.849998474121094,57.849998474121094,2016-12-13,57.92499923706055,57.20000076293945,57.724998474121094,97400
264,57.224998474121094,57.224998474121094,2016-12-12,58.25,56.54999923706055,58.25,80800
265,58.54999923706055,58.54999923706055,2016-12-09,59.67499923706055,58.07500076293945,59.375,98200
266,59.0,59.0,2016-12-08,59.20000076293945,56.689998626708984,56.75,110200
267,56.849998474121094,56.849998474121094,2016-12-07,57.099998474121094,56.540000915527344,56.54999923706055,123000
268,56.775001525878906,56.775001525878906,2016-12-06,57.07500076293945,56.20000076293945,57.07500076293945,125800
269,56.599998474121094,56.599998474121094,2016-12-05,57.29999923706055,56.32500076293945,56.32500076293945,103600
270,55.775001525878906,55.775001525878906,2016-12-02,56.17499923706055,55.0,55.0,102600
271,55.625,55.625,2016-12-01,57.32500076293945,55.474998474121094,55.95000076293945,117800
272,55.599998474121094,55.599998474121094,2016-11-30,55.974998474121094,54.974998474121094,55.974998474121094,129600
273,55.92499923706055,55.92499923706055,2016-11-29,56.76499938964844,55.82500076293945,56.32500076293945,54400
274,55.974998474121094,55.974998474121094,2016-11-28,56.375,55.17499923706055,56.04999923706055,105000
275,55.974998474121094,55.974998474121094,2016-11-25,55.974998474121094,55.25,55.32500076293945,30400
276,55.57500076293945,55.57500076293945,2016-11-23,55.82500076293945,54.525001525878906,55.525001525878906,81400
277,55.625,55.625,2016-11-22,55.75,53.79999923706055,53.82500076293945,89800
278,53.92499923706055,53.92499923706055,2016-11-21,54.07500076293945,51.22999954223633,53.42499923706055,75600
279,53.224998474121094,53.224998474121094,2016-11-18,53.375,51.95000076293945,52.974998474121094,147400
280,52.775001525878906,52.775001525878906,2016-11-17,52.900001525878906,52.17499923706055,52.29999923706055,93400
281,52.025001525878906,52.025001525878906,2016-11-16,52.07500076293945,50.17499923706055,51.400001525878906,83600
282,51.724998474121094,51.724998474121094,2016-11-15,52.3650016784668,51.099998474121094,51.70000076293945,78600
283,51.79999923706055,51.79999923706055,2016-11-14,52.724998474121094,51.474998474121094,52.724998474121094,99000
284,52.0,52.0,2016-11-11,52.17499923706055,49.900001525878906,49.974998474121094,106600
285,49.849998474121094,49.849998474121094,2016-11-10,50.349998474121094,47.5,49.099998474121094,113400
286,48.45000076293945,48.45000076293945,2016-11-09,48.57500076293945,47.224998474121094,47.224998474121094,83000
287,47.67499923706055,47.67499923706055,2016-11-08,48.849998474121094,47.474998474121094,48.849998474121094,81600
288,48.875,48.875,2016-11-07,49.82500076293945,48.79999923706055,49.82500076293945,100400
289,48.849998474121094,48.849998474121094,2016-11-04,50.75,46.650001525878906,47.625,204600
290,45.29999923706055,45.29999923706055,2016-11-03,45.82500076293945,45.0,45.599998474121094,69000
291,45.375,45.375,2016-11-02,45.82500076293945,44.650001525878906,45.32500076293945,68800
292,45.29999923706055,45.29999923706055,2016-11-01,45.57500076293945,44.375,44.375,56000
293,45.775001525878906,45.775001525878906,2016-10-31,46.025001525878906,44.20000076293945,44.54999923706055,76600
294,45.17499923706055,45.17499923706055,2016-10-28,46.07500076293945,44.775001525878906,45.04999923706055,39800
295,45.224998474121094,45.224998474121094,2016-10-27,45.54999923706055,44.900001525878906,45.17499923706055,45200
296,45.375,45.375,2016-10-26,46.29999923706055,45.20000076293945,45.70000076293945,29800
297,46.04999923706055,46.04999923706055,2016-10-25,46.125,45.57500076293945,45.92499923706055,33600
298,46.17499923706055,46.17499923706055,2016-10-24,46.32500076293945,45.29999923706055,45.29999923706055,55200
299,45.400001525878906,45.400001525878906,2016-10-21,45.400001525878906,44.75,45.0,44000
300,45.349998474121094,45.349998474121094,2016-10-20,45.57500076293945,44.57500076293945,45.32500076293945,85400
301,45.45000076293945,45.45000076293945,2016-10-19,46.17499923706055,45.23500061035156,46.17499923706055,63200
302,46.025001525878906,46.025001525878906,2016-10-18,46.45000076293945,45.70000076293945,46.375,64200
303,46.0,46.0,2016-10-17,46.349998474121094,45.375,45.79999923706055,83200
304,45.935001373291016,45.935001373291016,2016-10-14,46.76499938964844,45.70000076293945,46.275001525878906,50200
305,46.15999984741211,46.15999984741211,2016-10-13,46.85499954223633,46.04499816894531,46.85499954223633,83200
306,47.23500061035156,47.23500061035156,2016-10-12,47.27000045776367,46.810001373291016,47.20000076293945,68000
307,47.35499954223633,47.35499954223633,2016-10-11,48.165000915527344,47.1349983215332,47.775001525878906,60800
308,47.994998931884766,47.994998931884766,2016-10-10,48.38999938964844,47.32500076293945,47.564998626708984,123200
309,47.23500061035156,47.23500061035156,2016-10-07,47.51499938964844,46.71500015258789,47.005001068115234,155600
310,47.39500045776367,47.39500045776367,2016-10-06,47.63999938964844,46.77000045776367,47.1349983215332,77800
311,47.314998626708984,47.314998626708984,2016-10-05,48.029998779296875,47.25,47.5,70200
312,47.11000061035156,47.11000061035156,2016-10-04,48.0,46.974998474121094,47.69499969482422,153200
313,47.494998931884766,47.494998931884766,2016-10-03,47.529998779296875,46.974998474121094,47.220001220703125,138200
314,47.20500183105469,47.20500183105469,2016-09-30,47.650001525878906,46.17499923706055,46.404998779296875,193200
315,46.10499954223633,46.10499954223633,2016-09-29,46.86000061035156,46.099998474121094,46.86000061035156,64200
316,46.959999084472656,46.959999084472656,2016-09-28,47.0099983215332,45.665000915527344,45.665000915527344,244600
317,45.59000015258789,45.59000015258789,2016-09-27,45.904998779296875,44.47999954223633,44.525001525878906,165800
318,44.68000030517578,44.68000030517578,2016-09-26,45.31999969482422,44.54999923706055,45.20000076293945,142600
319,45.209999084472656,45.209999084472656,2016-09-23,45.415000915527344,44.599998474121094,45.064998626708984,231000
320,45.27000045776367,45.27000045776367,2016-09-22,45.279998779296875,45.0,45.189998626708984,152800
321,45.185001373291016,45.185001373291016,2016-09-21,45.185001373291016,44.875,45.1349983215332,131200
322,45.1349983215332,45.1349983215332,2016-09-20,45.375,44.8849983215332,45.29999923706055,126000
323,45.529998779296875,45.529998779296875,2016-09-19,45.8849983215332,45.064998626708984,45.5099983215332,133600
324,45.599998474121094,45.599998474121094,2016-09-16,45.665000915527344,44.869998931884766,45.625,303200
325,45.67499923706055,45.67499923706055,2016-09-15,46.09000015258789,44.56999969482422,44.685001373291016,146000
326,44.630001068115234,44.630001068115234,2016-09-14,45.525001525878906,44.39500045776367,45.185001373291016,69400
327,45.06999969482422,45.06999969482422,2016-09-13,46.279998779296875,44.69499969482422,46.279998779296875,116400
328,45.44499969482422,45.44499969482422,2016-09-12,45.619998931884766,44.525001525878906,45.21500015258789,106000
329,45.39500045776367,45.39500045776367,2016-09-09,46.369998931884766,45.30500030517578,46.1349983215332,132400
330,46.58000183105469,46.58000183105469,2016-09-08,47.72999954223633,46.11000061035156,47.69499969482422,142600
331,47.400001525878906,47.400001525878906,2016-09-07,47.5,45.70500183105469,45.98500061035156,323600
332,46.005001068115234,46.005001068115234,2016-09-06,46.625,45.61000061035156,46.5,130400
333,46.380001068115234,46.380001068115234,2016-09-02,46.474998474121094,45.43000030517578,45.97999954223633,151800
334,45.70000076293945,45.70000076293945,2016-09-01,45.814998626708984,44.474998474121094,45.345001220703125,130200
335,45.255001068115234,45.255001068115234,2016-08-31,45.970001220703125,44.6150016784668,44.869998931884766,222800
336,44.6150016784668,44.6150016784668,2016-08-30,44.814998626708984,44.029998779296875,44.380001068115234,50200
337,44.275001525878906,44.275001525878906,2016-08-29,44.474998474121094,44.10499954223633,44.1349983215332,57600
338,43.94499969482422,43.94499969482422,2016-08-26,44.630001068115234,43.685001373291016,44.505001068115234,54600
339,44.560001373291016,44.560001373291016,2016-08-25,44.66999816894531,44.084999084472656,44.314998626708984,61200
340,44.38999938964844,44.38999938964844,2016-08-24,44.85499954223633,44.084999084472656,44.85499954223633,82200
341,44.71500015258789,44.71500015258789,2016-08-23,45.35499954223633,42.775001525878906,42.775001525878906,131200
342,45.34000015258789,45.34000015258789,2016-08-22,45.650001525878906,43.959999084472656,44.77000045776367,336200
343,44.67499923706055,44.67499923706055,2016-08-19,45.334999084472656,42.279998779296875,42.54499816894531,563400
344,42.35499954223633,42.35499954223633,2016-08-18,42.59000015258789,41.935001373291016,42.125,49400
345,41.959999084472656,41.959999084472656,2016-08-17,42.40999984741211,41.54499816894531,42.15999984741211,129200
346,42.4900016784668,42.4900016784668,2016-08-16,42.994998931884766,42.334999084472656,42.915000915527344,73400
347,42.83000183105469,42.83000183105469,2016-08-15,43.23500061035156,41.474998474121094,43.01499938964844,82000
348,43.345001220703125,43.345001220703125,2016-08-12,43.595001220703125,42.474998474121094,43.57500076293945,157800
349,43.57500076293945,43.57500076293945,2016-08-11,44.58000183105469,43.46500015258789,43.83000183105469,102800
350,44.720001220703125,44.720001220703125,2016-08-10,45.119998931884766,44.064998626708984,44.68000030517578,141200
351,44.5,44.5,2016-08-09,44.60499954223633,43.900001525878906,44.0,59200
352,44.1150016784668,44.1150016784668,2016-08-08,44.29999923706055,42.40999984741211,42.40999984741211,160000
353,42.47999954223633,42.47999954223633,2016-08-05,42.6150016784668,41.720001220703125,41.720001220703125,134400
354,41.6150016784668,41.6150016784668,2016-08-04,41.939998626708984,41.2599983215332,41.7599983215332,281000
355,41.935001373291016,41.935001373291016,2016-08-03,43.525001525878906,41.0,42.775001525878906,705600
356,40.03499984741211,40.03499984741211,2016-08-02,42.790000915527344,39.8849983215332,42.70500183105469,173000
357,42.78499984741211,42.78499984741211,2016-08-01,43.025001525878906,42.005001068115234,42.005001068115234,110000
358,42.05500030517578,42.05500030517578,2016-07-29,42.25,41.40999984741211,41.880001068115234,95000
359,41.8849983215332,41.8849983215332,2016-07-28,42.439998626708984,41.72999954223633,41.82500076293945,54000
360,41.78499984741211,41.78499984741211,2016-07-27,42.34000015258789,41.654998779296875,41.880001068115234,38800
361,41.9900016784668,41.9900016784668,2016-07-26,42.05500030517578,41.10499954223633,41.439998626708984,60600
362,41.380001068115234,41.380001068115234,2016-07-25,41.849998474121094,40.8650016784668,41.0099983215332,106400
363,40.935001373291016,40.935001373291016,2016-07-22,41.23500061035156,40.005001068115234,40.915000915527344,83000
364,40.810001373291016,40.810001373291016,2016-07-21,41.755001068115234,40.61000061035156,41.5,256000
365,41.849998474121094,41.849998474121094,2016-07-20,42.25,41.70500183105469,41.73500061035156,47600
366,41.595001220703125,41.595001220703125,2016-07-19,42.17499923706055,41.45000076293945,41.79999923706055,55200
367,41.8849983215332,41.8849983215332,2016-07-18,42.244998931884766,41.744998931884766,41.85499954223633,50200
368,42.03499984741211,42.03499984741211,2016-07-15,42.154998779296875,41.80500030517578,42.154998779296875,71600
369,41.775001525878906,41.775001525878906,2016-07-14,42.45000076293945,41.744998931884766,42.27000045776367,65200
370,41.970001220703125,41.970001220703125,2016-07-13,42.54499816894531,41.5099983215332,41.80500030517578,150600
371,41.564998626708984,41.564998626708984,2016-07-12,42.04499816894531,41.02000045776367,41.33000183105469,135400
372,41.29499816894531,41.29499816894531,2016-07-11,42.02000045776367,40.6349983215332,41.15999984741211,105000
373,40.904998779296875,40.904998779296875,2016-07-08,41.5,40.45000076293945,40.45000076293945,94600
374,40.28499984741211,40.28499984741211,2016-07-07,40.439998626708984,39.41999816894531,39.650001525878906,73800
375,39.46500015258789,39.46500015258789,2016-07-06,39.95000076293945,39.09000015258789,39.88999938964844,192600
376,39.619998931884766,39.619998931884766,2016-07-05,40.93000030517578,39.220001220703125,40.29499816894531,113000
377,40.57500076293945,40.57500076293945,2016-07-01,41.92499923706055,40.29499816894531,41.099998474121094,152200
378,40.89500045776367,40.89500045776367,2016-06-30,41.834999084472656,40.345001220703125,40.90999984741211,116800
379,40.91999816894531,40.91999816894531,2016-06-29,41.32500076293945,40.5,40.724998474121094,94400
380,40.369998931884766,40.369998931884766,2016-06-28,40.724998474121094,39.415000915527344,39.689998626708984,195400
381,39.459999084472656,39.459999084472656,2016-06-27,41.279998779296875,39.32500076293945,40.56999969482422,269000
382,41.0,41.0,2016-06-24,42.650001525878906,40.84000015258789,41.01499938964844,597800
383,42.23500061035156,42.23500061035156,2016-06-23,42.69499969482422,41.869998931884766,42.05500030517578,157200
384,41.9900016784668,41.9900016784668,2016-06-22,42.369998931884766,41.66999816894531,41.849998474121094,79000
385,42.1150016784668,42.1150016784668,2016-06-21,42.31999969482422,41.4900016784668,42.2599983215332,93200
386,42.369998931884766,42.369998931884766,2016-06-20,42.67499923706055,42.20500183105469,42.25,113800
387,41.92499923706055,41.92499923706055,2016-06-17,43.27000045776367,41.79499816894531,43.185001373291016,234800
388,43.30500030517578,43.30500030517578,2016-06-16,43.599998474121094,42.30500030517578,43.099998474121094,114400
389,43.209999084472656,43.209999084472656,2016-06-15,44.06999969482422,43.04999923706055,43.78499984741211,104200
390,43.83000183105469,43.83000183105469,2016-06-14,44.29499816894531,43.2599983215332,44.150001525878906,109600
391,44.15999984741211,44.15999984741211,2016-06-13,45.09000015258789,43.9900016784668,44.61000061035156,80400
392,44.875,44.875,2016-06-10,45.55500030517578,44.439998626708984,44.900001525878906,147200
393,45.334999084472656,45.334999084472656,2016-06-09,45.90999984741211,44.95500183105469,45.7599983215332,90600
394,45.94499969482422,45.94499969482422,2016-06-08,46.540000915527344,45.0,45.21500015258789,144000
395,45.21500015258789,45.21500015258789,2016-06-07,45.95000076293945,44.82500076293945,45.150001525878906,90000
396,45.0099983215332,45.0099983215332,2016-06-06,45.150001525878906,44.099998474121094,44.099998474121094,55200
397,44.125,44.125,2016-06-03,44.349998474121094,43.54499816894531,43.72999954223633,62200
398,43.970001220703125,43.970001220703125,2016-06-02,44.09000015258789,42.39500045776367,43.435001373291016,67600
399,43.66999816894531,43.66999816894531,2016-06-01,44.03499984741211,42.52000045776367,43.6349983215332,199400
400,43.76499938964844,43.76499938964844,2016-05-31,43.8849983215332,42.69499969482422,42.95500183105469,128200
401,43.0,43.0,2016-05-27,43.564998626708984,42.564998626708984,42.689998626708984,136600
402,42.814998626708984,42.814998626708984,2016-05-26,44.685001373291016,41.525001525878906,44.44499969482422,403000
403,41.96500015258789,41.96500015258789,2016-05-25,42.974998474121094,41.525001525878906,42.470001220703125,155200
404,42.529998779296875,42.529998779296875,2016-05-24,43.060001373291016,41.314998626708984,41.314998626708984,136400
405,41.380001068115234,41.380001068115234,2016-05-23,42.79999923706055,41.290000915527344,41.744998931884766,59000
406,41.880001068115234,41.880001068115234,2016-05-20,42.310001373291016,41.14500045776367,41.73500061035156,55800
407,41.70000076293945,41.70000076293945,2016-05-19,42.60499954223633,41.25,41.810001373291016,95600
408,41.95500183105469,41.95500183105469,2016-05-18,42.709999084472656,41.125,41.125,53800
409,41.209999084472656,41.209999084472656,2016-05-17,42.20500183105469,40.89500045776367,42.185001373291016,99000
410,42.29999923706055,42.29999923706055,2016-05-16,42.84000015258789,36.18000030517578,39.65999984741211,204800
411,39.77000045776367,39.77000045776367,2016-05-13,40.474998474121094,39.650001525878906,40.025001525878906,85200
412,40.2599983215332,40.2599983215332,2016-05-12,41.07500076293945,39.79999923706055,40.89500045776367,149200
413,40.59000015258789,40.59000015258789,2016-05-11,41.17499923706055,40.494998931884766,40.60499954223633,54000
414,40.80500030517578,40.80500030517578,2016-05-10,41.095001220703125,40.5,40.92499923706055,62000
415,40.71500015258789,40.71500015258789,2016-05-09,41.290000915527344,39.82500076293945,39.82500076293945,77000
416,39.97999954223633,39.97999954223633,2016-05-06,40.25,39.435001373291016,39.51499938964844,109800
417,39.73500061035156,39.73500061035156,2016-05-05,40.73500061035156,39.70000076293945,40.60499954223633,115200
418,40.40999984741211,40.40999984741211,2016-05-04,40.92499923706055,40.345001220703125,40.415000915527344,147800
419,40.619998931884766,40.619998931884766,2016-05-03,40.9900016784668,40.14500045776367,40.400001525878906,78400
420,40.45000076293945,40.45000076293945,2016-05-02,40.79999923706055,39.80500030517578,39.834999084472656,111200
421,40.19499969482422,40.19499969482422,2016-04-29,40.79999923706055,39.939998626708984,40.439998626708984,80800
422,40.6150016784668,40.6150016784668,2016-04-28,41.125,40.5,40.560001373291016,55800
423,40.810001373291016,40.810001373291016,2016-04-27,41.41999816894531,40.28499984741211,40.709999084472656,110600
424,40.880001068115234,40.880001068115234,2016-04-26,41.349998474121094,40.5099983215332,40.849998474121094,95800
425,40.915000915527344,40.915000915527344,2016-04-25,41.39500045776367,40.66999816894531,41.125,104600
426,41.275001525878906,41.275001525878906,2016-04-22,41.279998779296875,40.48500061035156,40.48500061035156,115400
427,40.67499923706055,40.67499923706055,2016-04-21,41.345001220703125,40.154998779296875,40.654998779296875,100800
428,40.20000076293945,40.20000076293945,2016-04-20,40.98500061035156,40.0,40.83000183105469,297600
429,40.97999954223633,40.97999954223633,2016-04-19,41.58000183105469,40.5,40.88999938964844,149000
430,40.76499938964844,40.76499938964844,2016-04-18,41.09000015258789,40.57500076293945,40.67499923706055,85800
431,40.720001220703125,40.720001220703125,2016-04-15,41.400001525878906,40.334999084472656,40.54999923706055,128600
432,40.720001220703125,40.720001220703125,2016-04-14,40.76499938964844,39.814998626708984,40.04999923706055,126800
433,40.005001068115234,40.005001068115234,2016-04-13,40.224998474121094,38.8849983215332,38.8849983215332,76400
434,38.77000045776367,38.77000045776367,2016-04-12,39.45500183105469,38.46500015258789,38.46500015258789,148000
435,38.72999954223633,38.72999954223633,2016-04-11,39.80500030517578,38.70500183105469,39.70000076293945,128800
436,39.3849983215332,39.3849983215332,2016-04-08,39.720001220703125,38.79999923706055,39.310001373291016,141400
437,39.244998931884766,39.244998931884766,2016-04-07,40.5,39.244998931884766,40.41999816894531,182400
438,40.5,40.5,2016-04-06,40.560001373291016,39.55500030517578,40.03499984741211,212400
439,39.88999938964844,39.88999938964844,2016-04-05,40.834999084472656,39.790000915527344,39.790000915527344,140000
440,39.9900016784668,39.9900016784668,2016-04-04,40.599998474121094,39.529998779296875,40.599998474121094,187400
441,40.7599983215332,40.7599983215332,2016-04-01,41.29999923706055,39.880001068115234,40.29999923706055,172400
442,40.255001068115234,40.255001068115234,2016-03-31,40.779998779296875,39.595001220703125,39.95500183105469,214600
443,39.8849983215332,39.8849983215332,2016-03-30,40.119998931884766,39.435001373291016,39.435001373291016,190600
444,39.400001525878906,39.400001525878906,2016-03-29,39.6349983215332,38.71500015258789,39.040000915527344,122200
445,39.25,39.25,2016-03-28,40.63999938964844,38.98500061035156,38.98500061035156,135400
446,39.099998474121094,39.099998474121094,2016-03-24,39.36000061035156,38.84000015258789,39.064998626708984,120200
447,39.619998931884766,39.619998931884766,2016-03-23,39.98500061035156,38.875,39.150001525878906,156200
448,39.125,39.125,2016-03-22,39.939998626708984,39.01499938964844,39.65999984741211,202200
449,39.8849983215332,39.8849983215332,2016-03-21,40.185001373291016,39.0,39.67499923706055,259800
450,39.73500061035156,39.73500061035156,2016-03-18,39.83000183105469,38.415000915527344,38.880001068115234,207400
451,38.685001373291016,38.685001373291016,2016-03-17,39.34000015258789,38.54999923706055,38.78499984741211,190400
452,39.025001525878906,39.025001525878906,2016-03-16,39.349998474121094,38.2599983215332,38.2599983215332,146800
453,38.35499954223633,38.35499954223633,2016-03-15,39.68000030517578,38.310001373291016,39.55500030517578,118400
454,39.959999084472656,39.959999084472656,2016-03-14,41.11000061035156,39.42499923706055,39.779998779296875,137800
455,40.08000183105469,40.08000183105469,2016-03-11,40.09000015258789,37.72999954223633,38.03499984741211,189000
456,37.72999954223633,37.72999954223633,2016-03-10,37.935001373291016,37.349998474121094,37.86000061035156,182600
457,37.834999084472656,37.834999084472656,2016-03-09,38.05500030517578,37.30500030517578,37.619998931884766,141000
458,37.55500030517578,37.55500030517578,2016-03-08,38.26499938964844,37.23500061035156,37.505001068115234,153600
459,37.72999954223633,37.72999954223633,2016-03-07,37.880001068115234,37.08000183105469,37.46500015258789,178200
460,37.599998474121094,37.599998474121094,2016-03-04,38.54999923706055,37.51499938964844,38.28499984741211,149600
461,38.439998626708984,38.439998626708984,2016-03-03,38.5099983215332,37.29999923706055,37.57500076293945,243600
462,37.61000061035156,37.61000061035156,2016-03-02,38.470001220703125,37.21500015258789,38.39500045776367,198200
463,38.45000076293945,38.45000076293945,2016-03-01,38.474998474121094,36.904998779296875,37.599998474121094,142400
464,37.54499816894531,37.54499816894531,2016-02-29,38.005001068115234,36.79999923706055,37.619998931884766,295200
465,37.54999923706055,37.54999923706055,2016-02-26,39.224998474121094,36.96500015258789,38.209999084472656,242000
466,38.28499984741211,38.28499984741211,2016-02-25,38.60499954223633,37.55500030517578,37.560001373291016,150600
467,37.54499816894531,37.54499816894531,2016-02-24,38.1150016784668,37.06999969482422,37.540000915527344,154000
468,37.8849983215332,37.8849983215332,2016-02-23,38.29999923706055,37.244998931884766,37.244998931884766,166000
469,37.66999816894531,37.66999816894531,2016-02-22,38.05500030517578,37.29499816894531,37.82500076293945,127200
470,37.744998931884766,37.744998931884766,2016-02-19,38.26499938964844,36.70500183105469,36.70500183105469,171200
471,36.79999923706055,36.79999923706055,2016-02-18,37.94499969482422,36.724998474121094,37.02000045776367,111600
472,36.85499954223633,36.85499954223633,2016-02-17,36.939998626708984,36.6150016784668,36.78499984741211,169800
473,36.744998931884766,36.744998931884766,2016-02-16,36.86000061035156,35.775001525878906,36.005001068115234,123000
474,35.720001220703125,35.720001220703125,2016-02-12,36.17499923706055,35.26499938964844,35.904998779296875,133800
475,35.63999938964844,35.63999938964844,2016-02-11,36.03499984741211,34.8849983215332,35.0,147200
476,35.375,35.375,2016-02-10,36.05500030517578,35.314998626708984,35.345001220703125,199600
477,35.584999084472656,35.584999084472656,2016-02-09,37.11000061035156,35.54499816894531,36.880001068115234,339600
478,37.36000061035156,37.36000061035156,2016-02-08,39.345001220703125,37.005001068115234,37.70000076293945,363600
479,37.755001068115234,37.755001068115234,2016-02-05,40.459999084472656,30.889999389648438,37.67499923706055,1030200
480,45.57500076293945,45.57500076293945,2016-02-04,45.709999084472656,43.51499938964844,45.220001220703125,144400
481,45.5,45.5,2016-02-03,47.5,45.345001220703125,47.29999923706055,232200
482,47.32500076293945,47.32500076293945,2016-02-02,47.53499984741211,47.11000061035156,47.53499984741211,113200
483,47.810001373291016,47.810001373291016,2016-02-01,48.099998474121094,46.744998931884766,47.165000915527344,93000
484,47.35499954223633,47.35499954223633,2016-01-29,47.8650016784668,46.4900016784668,46.4900016784668,171200
485,46.48500061035156,46.48500061035156,2016-01-28,46.54499816894531,45.57500076293945,46.540000915527344,136600
486,46.275001525878906,46.275001525878906,2016-01-27,46.71500015258789,45.869998931884766,46.71500015258789,239600
487,46.720001220703125,46.720001220703125,2016-01-26,46.959999084472656,46.41999816894531,46.56999969482422,108000
488,46.38999938964844,46.38999938964844,2016-01-25,47.125,45.8849983215332,46.5,191000
489,46.54999923706055,46.54999923706055,2016-01-22,47.05500030517578,46.26499938964844,46.880001068115234,121000
490,46.42499923706055,46.42499923706055,2016-01-21,47.599998474121094,45.915000915527344,47.494998931884766,199400
491,47.275001525878906,47.275001525878906,2016-01-20,47.5,45.72999954223633,46.35499954223633,281600
492,46.70000076293945,46.70000076293945,2016-01-19,47.064998626708984,46.20500183105469,46.43000030517578,241600
493,46.3849983215332,46.3849983215332,2016-01-15,46.7599983215332,45.599998474121094,46.01499938964844,286200
494,46.810001373291016,46.810001373291016,2016-01-14,47.52000045776367,45.775001525878906,46.25,166600
495,46.064998626708984,46.064998626708984,2016-01-13,46.97999954223633,45.75,46.97999954223633,492000
496,46.77000045776367,46.77000045776367,2016-01-12,46.880001068115234,45.42499923706055,46.2400016784668,194600
497,45.8849983215332,45.8849983215332,2016-01-11,46.59000015258789,45.29999923706055,46.59000015258789,193200
498,46.224998474121094,46.224998474121094,2016-01-08,46.82500076293945,45.875,46.584999084472656,237400
499,46.564998626708984,46.564998626708984,2016-01-07,46.66999816894531,45.404998779296875,45.810001373291016,215000
500,46.290000915527344,46.290000915527344,2016-01-06,47.1349983215332,46.16999816894531,46.375,288400
501,47.125,47.125,2016-01-05,47.1349983215332,45.915000915527344,46.279998779296875,282800
502,45.625,45.625,2016-01-04,46.279998779296875,45.26499938964844,45.810001373291016,349600
503,46.630001068115234,46.630001068115234,2015-12-31,48.869998931884766,46.53499984741211,48.209999084472656,100000
504,48.189998626708984,48.189998626708984,2015-12-30,49.665000915527344,47.90999984741211,48.11000061035156,173800
505,48.04999923706055,48.04999923706055,2015-12-29,48.560001373291016,47.20000076293945,47.20000076293945,168000
506,47.06999969482422,47.06999969482422,2015-12-28,47.474998474121094,46.75,46.75,125000
507,46.69499969482422,46.69499969482422,2015-12-24,47.19499969482422,45.85499954223633,45.85499954223633,30000
508,46.564998626708984,46.564998626708984,2015-12-23,47.64500045776367,46.36000061035156,46.79999923706055,123800
509,46.96500015258789,46.96500015258789,2015-12-22,50.650001525878906,45.540000915527344,50.48500061035156,533000
510,51.79499816894531,51.79499816894531,2015-12-21,51.970001220703125,50.125,50.189998626708984,317200
511,50.220001220703125,50.220001220703125,2015-12-18,50.54999923706055,48.82500076293945,49.90999984741211,291200
512,50.220001220703125,50.220001220703125,2015-12-17,50.81999969482422,49.959999084472656,50.42499923706055,141600
513,50.22999954223633,50.22999954223633,2015-12-16,50.36000061035156,49.61000061035156,49.869998931884766,205000
514,49.7599983215332,49.7599983215332,2015-12-15,49.82500076293945,48.64500045776367,49.0,222800
515,48.82500076293945,48.82500076293945,2015-12-14,49.244998931884766,48.30500030517578,48.5,216600
516,48.4900016784668,48.4900016784668,2015-12-11,48.525001525878906,47.15999984741211,47.47999954223633,220400
517,48.14500045776367,48.14500045776367,2015-12-10,49.34000015258789,46.2400016784668,46.43000030517578,248600
518,46.244998931884766,46.244998931884766,2015-12-09,46.439998626708984,44.869998931884766,45.310001373291016,267800
519,45.244998931884766,45.244998931884766,2015-12-08,45.43000030517578,44.150001525878906,44.150001525878906,250400
520,44.345001220703125,44.345001220703125,2015-12-07,44.94499969482422,42.720001220703125,43.95000076293945,332800
521,44.14500045776367,44.14500045776367,2015-12-04,44.290000915527344,43.11000061035156,43.11000061035156,150000
522,43.07500076293945,43.07500076293945,2015-12-03,44.42499923706055,43.01499938964844,43.78499984741211,197600
523,43.79499816894531,43.79499816894531,2015-12-02,44.665000915527344,43.505001068115234,43.81999969482422,186200
524,43.77000045776367,43.77000045776367,2015-12-01,44.15999984741211,43.5,44.150001525878906,225000
525,44.095001220703125,44.095001220703125,2015-11-30,45.939998626708984,43.779998779296875,45.939998626708984,140000
526,45.275001525878906,45.275001525878906,2015-11-27,45.375,44.21500015258789,44.38999938964844,79400
527,44.21500015258789,44.21500015258789,2015-11-25,44.41999816894531,43.834999084472656,44.41999816894531,117200
528,44.28499984741211,44.28499984741211,2015-11-24,44.3849983215332,43.150001525878906,44.349998474121094,164200
529,44.525001525878906,44.525001525878906,2015-11-23,44.915000915527344,43.40999984741211,43.61000061035156,193600
530,43.70500183105469,43.70500183105469,2015-11-20,44.69499969482422,43.29999923706055,44.69499969482422,169800
531,44.439998626708984,44.439998626708984,2015-11-19,44.70500183105469,43.65999984741211,43.89500045776367,192600
532,43.849998474121094,43.849998474121094,2015-11-18,44.564998626708984,43.08000183105469,44.564998626708984,229400
533,44.32500076293945,44.32500076293945,2015-11-17,45.599998474121094,43.185001373291016,43.77000045776367,200000
534,43.78499984741211,43.78499984741211,2015-11-16,44.79499816894531,43.529998779296875,44.619998931884766,187400
535,44.73500061035156,44.73500061035156,2015-11-13,45.40999984741211,44.60499954223633,45.185001373291016,189200
536,45.5099983215332,45.5099983215332,2015-11-12,46.8849983215332,44.70500183105469,46.8849983215332,207600
537,47.029998779296875,47.029998779296875,2015-11-11,47.275001525878906,46.505001068115234,46.83000183105469,158600
538,46.650001525878906,46.650001525878906,2015-11-10,47.55500030517578,46.099998474121094,46.7599983215332,316200
539,46.92499923706055,46.92499923706055,2015-11-09,50.720001220703125,46.724998474121094,50.470001220703125,292400
540,50.470001220703125,50.470001220703125,2015-11-06,50.75,49.029998779296875,50.75,344800
541,51.01499938964844,51.01499938964844,2015-11-05,54.665000915527344,47.72999954223633,48.4900016784668,956200
542,41.779998779296875,41.779998779296875,2015-11-04,42.029998779296875,41.154998779296875,41.8849983215332,289400
543,41.880001068115234,41.880001068115234,2015-11-03,42.084999084472656,41.6349983215332,41.75,286800
544,42.08000183105469,42.08000183105469,2015-11-02,42.755001068115234,41.900001525878906,42.36000061035156,190400
545,42.209999084472656,42.209999084472656,2015-10-30,42.7400016784668,41.29499816894531,42.21500015258789,200800
546,43.48500061035156,43.48500061035156,2015-10-29,44.78499984741211,43.33000183105469,44.45500183105469,135800
547,44.48500061035156,44.48500061035156,2015-10-28,44.4900016784668,43.03499984741211,43.45000076293945,112000
548,43.369998931884766,43.369998931884766,2015-10-27,43.915000915527344,43.16999816894531,43.529998779296875,126200
549,43.72999954223633,43.72999954223633,2015-10-26,44.22999954223633,43.435001373291016,44.1349983215332,112400
550,44.084999084472656,44.084999084472656,2015-10-23,44.43000030517578,43.56999969482422,44.095001220703125,93400
551,43.61000061035156,43.61000061035156,2015-10-22,43.94499969482422,42.97999954223633,43.13999938964844,105400
552,42.66999816894531,42.66999816894531,2015-10-21,43.20000076293945,42.56999969482422,43.07500076293945,70600
553,42.81999969482422,42.81999969482422,2015-10-20,43.23500061035156,42.6150016784668,42.76499938964844,145000
554,42.875,42.875,2015-10-19,43.04999923706055,42.02000045776367,42.36000061035156,148600
555,42.47999954223633,42.47999954223633,2015-10-16,42.98500061035156,41.904998779296875,42.98500061035156,77000
556,42.80500030517578,42.80500030517578,2015-10-15,42.849998474121094,41.70000076293945,41.790000915527344,73000
557,41.84000015258789,41.84000015258789,2015-10-14,42.38999938964844,41.64500045776367,42.2400016784668,140600
558,42.290000915527344,42.290000915527344,2015-10-13,43.08000183105469,42.27000045776367,43.08000183105469,232400
559,43.06999969482422,43.06999969482422,2015-10-12,44.27000045776367,41.380001068115234,43.459999084472656,166600
560,43.275001525878906,43.275001525878906,2015-10-09,44.14500045776367,41.46500015258789,41.95000076293945,438600
561,42.79999923706055,42.79999923706055,2015-10-08,43.064998626708984,40.970001220703125,41.650001525878906,237600
562,41.505001068115234,41.505001068115234,2015-10-07,41.595001220703125,40.939998626708984,41.42499923706055,367400
563,41.119998931884766,41.119998931884766,2015-10-06,41.45500183105469,40.54999923706055,41.05500030517578,150400
564,41.185001373291016,41.185001373291016,2015-10-05,41.439998626708984,40.07500076293945,41.23500061035156,178400
565,40.81999969482422,40.81999969482422,2015-10-02,40.97999954223633,39.70500183105469,39.90999984741211,132400
566,40.275001525878906,40.275001525878906,2015-10-01,40.349998474121094,38.85499954223633,39.790000915527344,156200
567,39.53499984741211,39.53499984741211,2015-09-30,39.63999938964844,38.584999084472656,38.904998779296875,373400
568,38.35499954223633,38.35499954223633,2015-09-29,39.41999816894531,38.26499938964844,38.97999954223633,411600
569,38.96500015258789,38.96500015258789,2015-09-28,39.9900016784668,38.84000015258789,39.48500061035156,130600
570,39.48500061035156,39.48500061035156,2015-09-25,39.814998626708984,38.935001373291016,39.810001373291016,126200
571,39.529998779296875,39.529998779296875,2015-09-24,39.64500045776367,38.744998931884766,38.744998931884766,158000
572,38.959999084472656,38.959999084472656,2015-09-23,39.060001373291016,38.404998779296875,38.790000915527344,95200
573,38.58000183105469,38.58000183105469,2015-09-22,39.33000183105469,38.54499816894531,39.060001373291016,106400
574,39.275001525878906,39.275001525878906,2015-09-21,39.57500076293945,38.584999084472656,38.584999084472656,204400
575,38.47999954223633,38.47999954223633,2015-09-18,38.810001373291016,37.584999084472656,37.70500183105469,242200
576,38.16999816894531,38.16999816894531,2015-09-17,38.80500030517578,37.96500015258789,38.314998626708984,92800
577,38.369998931884766,38.369998931884766,2015-09-16,38.494998931884766,35.70000076293945,35.70000076293945,229600
578,37.09000015258789,37.09000015258789,2015-09-15,37.18000030517578,36.66999816894531,36.79999923706055,252600
579,36.79499816894531,36.79499816894531,2015-09-14,37.25,36.76499938964844,37.2400016784668,62200
580,37.23500061035156,37.23500061035156,2015-09-11,37.400001525878906,37.17499923706055,37.369998931884766,93600
581,37.52000045776367,37.52000045776367,2015-09-10,37.64500045776367,37.26499938964844,37.5,144600
582,37.57500076293945,37.57500076293945,2015-09-09,38.130001068115234,37.5,37.88999938964844,76200
583,37.72999954223633,37.72999954223633,2015-09-08,38.20500183105469,37.290000915527344,37.76499938964844,100600
584,37.27000045776367,37.27000045776367,2015-09-04,37.3650016784668,36.349998474121094,36.349998474121094,176600
585,36.744998931884766,36.744998931884766,2015-09-03,37.15999984741211,36.38999938964844,36.685001373291016,136600
586,36.53499984741211,36.53499984741211,2015-09-02,37.21500015258789,36.16999816894531,37.17499923706055,130600
587,36.82500076293945,36.82500076293945,2015-09-01,38.095001220703125,36.61000061035156,37.32500076293945,170200
588,37.86000061035156,37.86000061035156,2015-08-31,38.25,37.54999923706055,38.04999923706055,192800
589,38.375,38.375,2015-08-28,38.380001068115234,37.290000915527344,37.290000915527344,155400
590,37.540000915527344,37.540000915527344,2015-08-27,38.17499923706055,37.14500045776367,38.17499923706055,269000
591,37.90999984741211,37.90999984741211,2015-08-26,37.97999954223633,36.595001220703125,37.07500076293945,196400
592,36.57500076293945,36.57500076293945,2015-08-25,38.3849983215332,36.5,38.28499984741211,299400
593,37.279998779296875,37.279998779296875,2015-08-24,38.650001525878906,37.279998779296875,37.47999954223633,300200
594,38.904998779296875,38.904998779296875,2015-08-21,39.78499984741211,38.625,39.459999084472656,1475400
595,39.98500061035156,39.98500061035156,2015-08-20,40.22999954223633,39.29999923706055,39.845001220703125,715400
596,38.01499938964844,38.01499938964844,2015-08-19,38.70500183105469,37.3650016784668,37.744998931884766,123400
597,37.435001373291016,37.435001373291016,2015-08-18,37.959999084472656,37.16999816894531,37.959999084472656,121600
598,37.86000061035156,37.86000061035156,2015-08-17,37.96500015258789,36.71500015258789,37.04999923706055,178200
599,37.02000045776367,37.02000045776367,2015-08-14,37.439998626708984,36.30500030517578,36.724998474121094,172800
600,36.77000045776367,36.77000045776367,2015-08-13,37.255001068115234,36.53499984741211,36.974998474121094,192400
601,36.8849983215332,36.8849983215332,2015-08-12,37.625,36.46500015258789,37.625,126600
602,37.650001525878906,37.650001525878906,2015-08-11,38.209999084472656,37.20500183105469,37.79499816894531,71400
603,38.2400016784668,38.2400016784668,2015-08-10,38.97999954223633,38.07500076293945,38.57500076293945,143200
604,38.345001220703125,38.345001220703125,2015-08-07,39.435001373291016,38.185001373291016,39.06999969482422,156800
605,39.13999938964844,39.13999938964844,2015-08-06,39.6150016784668,37.709999084472656,37.90999984741211,445400
606,38.0,38.0,2015-08-05,38.27000045776367,37.34000015258789,37.470001220703125,175000
607,37.36000061035156,37.36000061035156,2015-08-04,37.89500045776367,36.98500061035156,37.89500045776367,131400
608,37.939998626708984,37.939998626708984,2015-08-03,38.78499984741211,37.7599983215332,38.459999084472656,133600
609,38.45500183105469,38.45500183105469,2015-07-31,38.96500015258789,38.06999969482422,38.584999084472656,116800
610,38.494998931884766,38.494998931884766,2015-07-30,38.6150016784668,37.375,37.564998626708984,112600
611,37.44499969482422,37.44499969482422,2015-07-29,38.2599983215332,36.9900016784668,38.2599983215332,355000
612,38.22999954223633,38.22999954223633,2015-07-28,38.68000030517578,37.939998626708984,38.61000061035156,129200
613,38.380001068115234,38.380001068115234,2015-07-27,39.584999084472656,38.255001068115234,39.19499969482422,145200
614,39.29999923706055,39.29999923706055,2015-07-24,40.435001373291016,39.189998626708984,40.02000045776367,132200
615,40.07500076293945,40.07500076293945,2015-07-23,40.40999984741211,39.810001373291016,40.25,109400
616,40.09000015258789,40.09000015258789,2015-07-22,40.310001373291016,39.255001068115234,39.255001068115234,153600
617,39.40999984741211,39.40999984741211,2015-07-21,39.77000045776367,38.904998779296875,39.45000076293945,122600
618,39.60499954223633,39.60499954223633,2015-07-20,40.400001525878906,39.189998626708984,40.400001525878906,243800
619,40.525001525878906,40.525001525878906,2015-07-17,40.70500183105469,40.02000045776367,40.16999816894531,120400
620,40.060001373291016,40.060001373291016,2015-07-16,40.900001525878906,39.7599983215332,40.084999084472656,140800
621,39.779998779296875,39.779998779296875,2015-07-15,39.92499923706055,39.099998474121094,39.400001525878906,115800
622,39.33000183105469,39.33000183105469,2015-07-14,40.415000915527344,39.314998626708984,40.189998626708984,83600
623,40.20000076293945,40.20000076293945,2015-07-13,40.33000183105469,39.59000015258789,39.814998626708984,141600
624,39.650001525878906,39.650001525878906,2015-07-10,39.834999084472656,38.91999816894531,39.80500030517578,174200
625,39.349998474121094,39.349998474121094,2015-07-09,40.63999938964844,39.275001525878906,39.584999084472656,141400
626,39.40999984741211,39.40999984741211,2015-07-08,39.4900016784668,37.2400016784668,37.275001525878906,262000
627,37.0099983215332,37.0099983215332,2015-07-07,37.54999923706055,36.58000183105469,37.54999923706055,82800
628,37.67499923706055,37.67499923706055,2015-07-06,38.17499923706055,37.220001220703125,37.7400016784668,68800
629,38.130001068115234,38.130001068115234,2015-07-02,38.40999984741211,37.97999954223633,37.97999954223633,87600
630,38.130001068115234,38.130001068115234,2015-07-01,39.244998931884766,38.005001068115234,38.474998474121094,77400
631,38.32500076293945,38.32500076293945,2015-06-30,38.86000061035156,38.2400016784668,38.86000061035156,215600
632,38.5099983215332,38.5099983215332,2015-06-29,39.45500183105469,38.42499923706055,39.345001220703125,96400
633,39.65999984741211,39.65999984741211,2015-06-26,39.79999923706055,38.654998779296875,39.79999923706055,182800
634,39.599998474121094,39.599998474121094,2015-06-25,39.7599983215332,39.029998779296875,39.400001525878906,137200
635,39.290000915527344,39.290000915527344,2015-06-24,40.154998779296875,39.119998931884766,39.869998931884766,109600
636,40.064998626708984,40.064998626708984,2015-06-23,40.4900016784668,39.20000076293945,39.5,191800
637,39.619998931884766,39.619998931884766,2015-06-22,40.34000015258789,39.470001220703125,39.95000076293945,138800
638,39.95000076293945,39.95000076293945,2015-06-19,41.029998779296875,39.95000076293945,40.880001068115234,140800
639,40.775001525878906,40.775001525878906,2015-06-18,41.40999984741211,40.6349983215332,40.7400016784668,136000
640,40.709999084472656,40.709999084472656,2015-06-17,41.185001373291016,40.255001068115234,41.185001373291016,174600
641,40.95000076293945,40.95000076293945,2015-06-16,40.974998474121094,39.85499954223633,39.85499954223633,131200
642,40.959999084472656,40.959999084472656,2015-06-15,41.64500045776367,40.3650016784668,41.01499938964844,189200
643,41.314998626708984,41.314998626708984,2015-06-12,41.63999938964844,40.8849983215332,41.185001373291016,152600
644,41.310001373291016,41.310001373291016,2015-06-11,41.44499969482422,41.02000045776367,41.02000045776367,128200
645,41.185001373291016,41.185001373291016,2015-06-10,41.23500061035156,40.36000061035156,40.494998931884766,132200
646,40.52000045776367,40.52000045776367,2015-06-09,40.56999969482422,39.69499969482422,40.38999938964844,104400
647,40.3849983215332,40.3849983215332,2015-06-08,40.540000915527344,39.90999984741211,40.32500076293945,108200
648,40.78499984741211,40.78499984741211,2015-06-05,40.8650016784668,39.19499969482422,40.1150016784668,155800
649,40.279998779296875,40.279998779296875,2015-06-04,40.415000915527344,40.07500076293945,40.20500183105469,141000
650,40.36000061035156,40.36000061035156,2015-06-03,40.560001373291016,39.75,39.939998626708984,113000
651,39.584999084472656,39.584999084472656,2015-06-02,40.25,37.33000183105469,39.33000183105469,223000
652,40.0,40.0,2015-06-01,40.09000015258789,38.45500183105469,38.834999084472656,299000
653,38.82500076293945,38.82500076293945,2015-05-29,40.51499938964844,37.084999084472656,40.51499938964844,705600
654,42.2400016784668,42.2400016784668,2015-05-28,42.875,42.084999084472656,42.875,154400
655,42.97999954223633,42.97999954223633,2015-05-27,43.220001220703125,41.845001220703125,42.255001068115234,120200
656,41.994998931884766,41.994998931884766,2015-05-26,42.290000915527344,41.1150016784668,42.19499969482422,89600
657,42.39500045776367,42.39500045776367,2015-05-22,43.224998474121094,42.2400016784668,42.91999816894531,100200
658,43.025001525878906,43.025001525878906,2015-05-21,43.790000915527344,42.724998474121094,43.45000076293945,85200
659,43.56999969482422,43.56999969482422,2015-05-20,43.974998474121094,43.334999084472656,43.814998626708984,106800
660,43.529998779296875,43.529998779296875,2015-05-19,44.224998474121094,43.209999084472656,43.88999938964844,137200
661,43.88999938964844,43.88999938964844,2015-05-18,44.63999938964844,42.79499816894531,42.95000076293945,67400
662,43.255001068115234,43.255001068115234,2015-05-15,44.19499969482422,43.1349983215332,43.97999954223633,91400
663,44.154998779296875,44.154998779296875,2015-05-14,44.28499984741211,43.25,43.25,89800
664,43.17499923706055,43.17499923706055,2015-05-13,43.755001068115234,42.81999969482422,43.275001525878906,111400
665,42.959999084472656,42.959999084472656,2015-05-12,43.48500061035156,41.45000076293945,41.98500061035156,174600
666,41.95000076293945,41.95000076293945,2015-05-11,42.89500045776367,41.79999923706055,42.564998626708984,329200
667,42.21500015258789,42.21500015258789,2015-05-08,43.31999969482422,41.744998931884766,42.375,333600
668,41.84000015258789,41.84000015258789,2015-05-07,42.1150016784668,41.220001220703125,41.70000076293945,332800
669,41.69499969482422,41.69499969482422,2015-05-06,42.189998626708984,41.67499923706055,42.04999923706055,177600
670,42.01499938964844,42.01499938964844,2015-05-05,42.52000045776367,41.630001068115234,41.834999084472656,140800
671,42.334999084472656,42.334999084472656,2015-05-04,43.099998474121094,41.7599983215332,42.59000015258789,116000
672,42.77000045776367,42.77000045776367,2015-05-01,43.060001373291016,41.290000915527344,41.46500015258789,115800
673,41.47999954223633,41.47999954223633,2015-04-30,42.334999084472656,41.28499984741211,42.08000183105469,74600
674,42.380001068115234,42.380001068115234,2015-04-29,43.72999954223633,42.27000045776367,42.599998474121094,60400
675,43.040000915527344,43.040000915527344,2015-04-28,43.17499923706055,42.584999084472656,43.125,70200
676,42.95000076293945,42.95000076293945,2015-04-27,43.650001525878906,42.595001220703125,43.349998474121094,89800
677,43.17499923706055,43.17499923706055,2015-04-24,43.650001525878906,43.064998626708984,43.439998626708984,85600
678,43.04999923706055,43.04999923706055,2015-04-23,43.86000061035156,42.25,42.724998474121094,92400
679,43.0,43.0,2015-04-22,43.40999984741211,42.189998626708984,42.38999938964844,138000
680,42.47999954223633,42.47999954223633,2015-04-21,42.6150016784668,42.19499969482422,42.494998931884766,99200
681,42.48500061035156,42.48500061035156,2015-04-20,42.68000030517578,41.875,41.90999984741211,101200
682,41.55500030517578,41.55500030517578,2015-04-17,42.39500045776367,41.505001068115234,41.994998931884766,79400
683,42.05500030517578,42.05500030517578,2015-04-16,42.86000061035156,41.880001068115234,42.790000915527344,144400
684,43.04999923706055,43.04999923706055,2015-04-15,44.0,41.150001525878906,41.32500076293945,184200
685,41.0099983215332,41.0099983215332,2015-04-14,41.915000915527344,40.94499969482422,41.47999954223633,123600
686,41.32500076293945,41.32500076293945,2015-04-13,42.540000915527344,40.779998779296875,42.45000076293945,154200
687,42.45000076293945,42.45000076293945,2015-04-10,42.79499816894531,42.16999816894531,42.40999984741211,113600
688,42.40999984741211,42.40999984741211,2015-04-09,43.65999984741211,42.10499954223633,43.494998931884766,163000
689,43.380001068115234,43.380001068115234,2015-04-08,43.98500061035156,42.665000915527344,42.665000915527344,165600
690,42.505001068115234,42.505001068115234,2015-04-07,43.59000015258789,42.33000183105469,42.814998626708984,177200
691,43.0,43.0,2015-04-06,43.630001068115234,42.55500030517578,43.43000030517578,95600
692,43.6349983215332,43.6349983215332,2015-04-02,44.525001525878906,43.55500030517578,44.380001068115234,113800
693,44.209999084472656,44.209999084472656,2015-04-01,44.32500076293945,42.40999984741211,43.22999954223633,127000
694,43.46500015258789,43.46500015258789,2015-03-31,43.744998931884766,43.005001068115234,43.724998474121094,114600
695,44.064998626708984,44.064998626708984,2015-03-30,44.70500183105469,43.959999084472656,44.099998474121094,93000
696,44.029998779296875,44.029998779296875,2015-03-27,44.1150016784668,42.540000915527344,43.474998474121094,147800
697,43.314998626708984,43.314998626708984,2015-03-26,43.79999923706055,42.875,43.25,119400
698,43.290000915527344,43.290000915527344,2015-03-25,45.11000061035156,43.119998931884766,44.869998931884766,112600
699,44.834999084472656,44.834999084472656,2015-03-24,45.689998626708984,44.5,45.224998474121094,66800
700,45.07500076293945,45.07500076293945,2015-03-23,45.60499954223633,43.97999954223633,43.97999954223633,97000
701,44.29999923706055,44.29999923706055,2015-03-20,44.564998626708984,43.45000076293945,43.5,201600
702,43.3650016784668,43.3650016784668,2015-03-19,43.46500015258789,42.900001525878906,43.40999984741211,98200
703,43.095001220703125,43.095001220703125,2015-03-18,43.435001373291016,42.685001373291016,43.20000076293945,111400
704,43.21500015258789,43.21500015258789,2015-03-17,43.939998626708984,43.09000015258789,43.15999984741211,114000
705,43.13999938964844,43.13999938964844,2015-03-16,43.744998931884766,42.529998779296875,42.8849983215332,123200
706,42.279998779296875,42.279998779296875,2015-03-13,42.380001068115234,41.41999816894531,42.0,172000
707,42.060001373291016,42.060001373291016,2015-03-12,42.369998931884766,41.439998626708984,41.849998474121094,152800
708,41.529998779296875,41.529998779296875,2015-03-11,41.8650016784668,41.2400016784668,41.2400016784668,184800
709,41.369998931884766,41.369998931884766,2015-03-10,42.404998779296875,41.07500076293945,41.79999923706055,150200
710,42.470001220703125,42.470001220703125,2015-03-09,43.02000045776367,41.400001525878906,42.13999938964844,165200
711,42.54999923706055,42.54999923706055,2015-03-06,42.98500061035156,42.154998779296875,42.599998474121094,218000
712,42.915000915527344,42.915000915527344,2015-03-05,43.25,42.189998626708984,42.3849983215332,216400
713,42.38999938964844,42.38999938964844,2015-03-04,42.58000183105469,42.0,42.2599983215332,117800
714,42.20000076293945,42.20000076293945,2015-03-03,42.599998474121094,41.58000183105469,42.474998474121094,92000
715,42.724998474121094,42.724998474121094,2015-03-02,42.974998474121094,41.52000045776367,41.52000045776367,163200
716,41.584999084472656,41.584999084472656,2015-02-27,41.8849983215332,40.29999923706055,41.8849983215332,108600
717,41.76499938964844,41.76499938964844,2015-02-26,41.849998474121094,40.75,40.935001373291016,101800
718,40.77000045776367,40.77000045776367,2015-02-25,40.869998931884766,40.244998931884766,40.59000015258789,86600
719,40.45500183105469,40.45500183105469,2015-02-24,40.54999923706055,39.814998626708984,39.814998626708984,109600
720,40.0,40.0,2015-02-23,40.375,39.744998931884766,40.375,125200
721,40.29499816894531,40.29499816894531,2015-02-20,40.51499938964844,39.6349983215332,40.40999984741211,80000
722,40.25,40.25,2015-02-19,40.375,39.57500076293945,40.099998474121094,99200
723,40.099998474121094,40.099998474121094,2015-02-18,40.189998626708984,39.92499923706055,40.0,125000
724,40.0,40.0,2015-02-17,40.099998474121094,39.84000015258789,39.89500045776367,126800
725,40.084999084472656,40.084999084472656,2015-02-13,40.220001220703125,39.779998779296875,40.01499938964844,76200
726,40.189998626708984,40.189998626708984,2015-02-12,40.439998626708984,40.01499938964844,40.19499969482422,91600
727,40.21500015258789,40.21500015258789,2015-02-11,40.275001525878906,39.779998779296875,39.779998779296875,114400
728,40.08000183105469,40.08000183105469,2015-02-10,41.7400016784668,39.75,41.7400016784668,219000
729,41.61000061035156,41.61000061035156,2015-02-09,43.279998779296875,40.14500045776367,41.48500061035156,148800
730,41.21500015258789,41.21500015258789,2015-02-06,42.5,36.689998626708984,38.5,337600
731,35.724998474121094,35.724998474121094,2015-02-05,37.349998474121094,34.8849983215332,37.349998474121094,84200
732,34.8849983215332,34.8849983215332,2015-02-04,35.75,34.029998779296875,34.529998779296875,77000
733,34.529998779296875,34.529998779296875,2015-02-03,34.95500183105469,33.529998779296875,33.529998779296875,78600
734,33.40999984741211,33.40999984741211,2015-02-02,33.71500015258789,32.8650016784668,33.71500015258789,91200
735,33.720001220703125,33.720001220703125,2015-01-30,34.71500015258789,33.345001220703125,34.44499969482422,82000
736,34.57500076293945,34.57500076293945,2015-01-29,34.58000183105469,34.15999984741211,34.310001373291016,51600
737,34.3650016784668,34.3650016784668,2015-01-28,34.505001068115234,33.72999954223633,34.48500061035156,66200
738,34.459999084472656,34.459999084472656,2015-01-27,34.65999984741211,34.0,34.34000015258789,72600
739,34.505001068115234,34.505001068115234,2015-01-26,34.65999984741211,34.119998931884766,34.375,52200
740,34.404998779296875,34.404998779296875,2015-01-23,35.0,34.18000030517578,34.685001373291016,36600
741,34.54999923706055,34.54999923706055,2015-01-22,34.63999938964844,33.77000045776367,34.23500061035156,33800
742,34.029998779296875,34.029998779296875,2015-01-21,35.0,33.84000015258789,35.0,69200
743,34.3849983215332,34.3849983215332,2015-01-20,35.0,33.8650016784668,34.599998474121094,67000
744,34.595001220703125,34.595001220703125,2015-01-16,34.970001220703125,33.18000030517578,33.18000030517578,147800
745,33.31999969482422,33.31999969482422,2015-01-15,33.8849983215332,32.95000076293945,33.720001220703125,78800
746,33.505001068115234,33.505001068115234,2015-01-14,33.72999954223633,32.599998474121094,33.06999969482422,72000
747,33.36000061035156,33.36000061035156,2015-01-13,34.005001068115234,32.61000061035156,33.125,167000
748,32.834999084472656,32.834999084472656,2015-01-12,33.66999816894531,32.560001373291016,33.66999816894531,119200
749,33.48500061035156,33.48500061035156,2015-01-09,33.935001373291016,32.8849983215332,33.775001525878906,93400
750,33.7599983215332,33.7599983215332,2015-01-08,34.13999938964844,33.255001068115234,33.3650016784668,62000
751,33.220001220703125,33.220001220703125,2015-01-07,33.43000030517578,32.8650016784668,32.935001373291016,73200
752,32.95000076293945,32.95000076293945,2015-01-06,33.29999923706055,32.290000915527344,32.974998474121094,151400
753,33.0099983215332,33.0099983215332,2015-01-05,34.244998931884766,32.7400016784668,34.220001220703125,231000
754,34.11000061035156,34.11000061035156,2015-01-02,37.29999923706055,34.0,36.79999923706055,254200
755,37.845001220703125,37.845001220703125,2014-12-31,37.970001220703125,36.380001068115234,36.380001068115234,366600
756,36.5,36.5,2014-12-30,36.85499954223633,35.81999969482422,36.70000076293945,81400
757,36.654998779296875,36.654998779296875,2014-12-29,36.95000076293945,35.875,36.279998779296875,46600
758,36.099998474121094,36.099998474121094,2014-12-26,36.689998626708984,36.04999923706055,36.619998931884766,20200
759,36.314998626708984,36.314998626708984,2014-12-24,36.60499954223633,36.095001220703125,36.505001068115234,33200
760,36.27000045776367,36.27000045776367,2014-12-23,36.5,36.02000045776367,36.29999923706055,50800
761,36.34000015258789,36.34000015258789,2014-12-22,36.39500045776367,35.755001068115234,35.94499969482422,64200
762,36.08000183105469,36.08000183105469,2014-12-19,37.400001525878906,35.94499969482422,37.20500183105469,89400
763,37.30500030517578,37.30500030517578,2014-12-18,37.3849983215332,36.099998474121094,36.375,45800
764,36.06999969482422,36.06999969482422,2014-12-17,36.06999969482422,34.85499954223633,35.720001220703125,93800
765,35.880001068115234,35.880001068115234,2014-12-16,36.54499816894531,35.165000915527344,35.165000915527344,67800
766,35.43000030517578,35.43000030517578,2014-12-15,36.369998931884766,35.33000183105469,35.75,71800
767,35.90999984741211,35.90999984741211,2014-12-12,36.0,35.42499923706055,35.42499923706055,51000
768,35.80500030517578,35.80500030517578,2014-12-11,37.0,35.439998626708984,36.564998626708984,119400
769,36.51499938964844,36.51499938964844,2014-12-10,36.97999954223633,36.375,36.70000076293945,78600
770,36.595001220703125,36.595001220703125,2014-12-09,36.65999984741211,35.400001525878906,35.64500045776367,124400
771,36.04499816894531,36.04499816894531,2014-12-08,36.27000045776367,35.5,35.529998779296875,73800
772,35.79499816894531,35.79499816894531,2014-12-05,36.79999923706055,35.625,36.41999816894531,89600
773,36.43000030517578,36.43000030517578,2014-12-04,37.255001068115234,36.224998474121094,37.040000915527344,132200
774,36.6349983215332,36.6349983215332,2014-12-03,36.94499969482422,35.0,35.165000915527344,156400
775,34.974998474121094,34.974998474121094,2014-12-02,35.0,34.525001525878906,35.0,120800
776,34.845001220703125,34.845001220703125,2014-12-01,35.25,34.42499923706055,35.25,97600
777,34.41999816894531,34.41999816894531,2014-11-28,35.22999954223633,34.349998474121094,34.83000183105469,34800
778,34.8849983215332,34.8849983215332,2014-11-26,34.959999084472656,34.685001373291016,34.84000015258789,57400
779,34.70000076293945,34.70000076293945,2014-11-25,34.95500183105469,34.51499938964844,34.70000076293945,84200
780,34.64500045776367,34.64500045776367,2014-11-24,34.77000045776367,34.15999984741211,34.45000076293945,113800
781,34.154998779296875,34.154998779296875,2014-11-21,34.849998474121094,34.0,34.75,105600
782,34.45000076293945,34.45000076293945,2014-11-20,34.54999923706055,34.01499938964844,34.165000915527344,64000
783,34.119998931884766,34.119998931884766,2014-11-19,34.5,34.0,34.0,36600
784,34.220001220703125,34.220001220703125,2014-11-18,34.81999969482422,33.42499923706055,34.375,67000
785,34.17499923706055,34.17499923706055,2014-11-17,34.775001525878906,33.939998626708984,34.5,99800
786,34.130001068115234,34.130001068115234,2014-11-14,34.5,33.5,33.6150016784668,145200
787,33.625,33.625,2014-11-13,35.04999923706055,33.55500030517578,34.845001220703125,96200
788,34.6150016784668,34.6150016784668,2014-11-12,34.709999084472656,33.900001525878906,33.900001525878906,60400
789,34.22999954223633,34.22999954223633,2014-11-11,35.01499938964844,33.724998474121094,34.459999084472656,150600
790,34.95000076293945,34.95000076293945,2014-11-10,36.33000183105469,34.654998779296875,35.915000915527344,137800
791,35.68000030517578,35.68000030517578,2014-11-07,36.33000183105469,35.41999816894531,35.974998474121094,148600
792,35.974998474121094,35.974998474121094,2014-11-06,36.5,32.48500061035156,32.5,220600
793,30.989999771118164,30.989999771118164,2014-11-05,31.0,30.09000015258789,30.614999771118164,69200
794,30.239999771118164,30.239999771118164,2014-11-04,30.600000381469727,29.975000381469727,30.30500030517578,80400
795,30.540000915527344,30.540000915527344,2014-11-03,30.885000228881836,29.90999984741211,30.540000915527344,40600
796,30.53499984741211,30.53499984741211,2014-10-31,30.825000762939453,30.325000762939453,30.825000762939453,96600
797,30.34000015258789,30.34000015258789,2014-10-30,30.5,29.2549991607666,29.2549991607666,51400
798,30.125,30.125,2014-10-29,30.125,29.454999923706055,29.969999313354492,49200
799,30.125,30.125,2014-10-28,30.125,29.170000076293945,29.459999084472656,46000
800,29.459999084472656,29.459999084472656,2014-10-27,29.690000534057617,29.21500015258789,29.260000228881836,54800
801,29.420000076293945,29.420000076293945,2014-10-24,29.420000076293945,29.114999771118164,29.219999313354492,101000
802,29.145000457763672,29.145000457763672,2014-10-23,29.475000381469727,28.954999923706055,28.954999923706055,58600
803,28.860000610351562,28.860000610351562,2014-10-22,29.225000381469727,28.690000534057617,28.96500015258789,30600
804,29.075000762939453,29.075000762939453,2014-10-21,29.15999984741211,27.024999618530273,28.674999237060547,26600
805,28.625,28.625,2014-10-20,29.0049991607666,28.459999084472656,28.68000030517578,30800
806,29.0049991607666,29.0049991607666,2014-10-17,29.5,28.864999771118164,29.5,19200
807,29.110000610351562,29.110000610351562,2014-10-16,29.979999542236328,28.80500030517578,28.854999542236328,126200
808,29.235000610351562,29.235000610351562,2014-10-15,29.389999389648438,28.5,28.5,48800
809,29.0049991607666,29.0049991607666,2014-10-14,29.514999389648438,28.354999542236328,28.729999542236328,71000
810,28.540000915527344,28.540000915527344,2014-10-13,28.655000686645508,27.864999771118164,28.584999084472656,80600
811,28.65999984741211,28.65999984741211,2014-10-10,29.0,28.600000381469727,28.834999084472656,66000
812,29.0,29.0,2014-10-09,29.434999465942383,28.854999542236328,29.375,29600
813,29.375,29.375,2014-10-08,29.655000686645508,28.729999542236328,28.78499984741211,83800
814,28.899999618530273,28.899999618530273,2014-10-07,29.079999923706055,28.59000015258789,28.69499969482422,49200
815,29.100000381469727,29.100000381469727,2014-10-06,29.704999923706055,28.895000457763672,29.5,62000
816,29.415000915527344,29.415000915527344,2014-10-03,29.5,29.0,29.0,33800
817,28.80500030517578,28.80500030517578,2014-10-02,28.924999237060547,27.90999984741211,28.565000534057617,45200
818,28.024999618530273,28.024999618530273,2014-10-01,28.1200008392334,27.670000076293945,27.739999771118164,73000
819,28.024999618530273,28.024999618530273,2014-09-30,28.360000610351562,27.364999771118164,28.30500030517578,218000
820,28.020000457763672,28.020000457763672,2014-09-29,28.040000915527344,27.235000610351562,27.375,42200
821,27.565000534057617,27.565000534057617,2014-09-26,28.149999618530273,27.3700008392334,28.014999389648438,44400
822,28.0,28.0,2014-09-25,28.545000076293945,27.825000762939453,28.545000076293945,35200
823,28.6299991607666,28.6299991607666,2014-09-24,28.6299991607666,28.219999313354492,28.364999771118164,23800
824,28.299999237060547,28.299999237060547,2014-09-23,28.594999313354492,28.21500015258789,28.575000762939453,40600
825,28.424999237060547,28.424999237060547,2014-09-22,28.690000534057617,28.200000762939453,28.454999923706055,39200
826,28.510000228881836,28.510000228881836,2014-09-19,28.764999389648438,27.8700008392334,28.364999771118164,63400
827,28.389999389648438,28.389999389648438,2014-09-18,28.825000762939453,28.040000915527344,28.1200008392334,20200
828,27.899999618530273,27.899999618530273,2014-09-17,28.280000686645508,27.514999389648438,28.0,40400
829,28.229999542236328,28.229999542236328,2014-09-16,28.399999618530273,27.75,27.75,34000
830,27.959999084472656,27.959999084472656,2014-09-15,28.075000762939453,27.825000762939453,28.059999465942383,45800
831,28.174999237060547,28.174999237060547,2014-09-12,28.649999618530273,27.979999542236328,28.295000076293945,45200
832,28.280000686645508,28.280000686645508,2014-09-11,28.40999984741211,27.959999084472656,28.110000610351562,18800
833,28.030000686645508,28.030000686645508,2014-09-10,28.229999542236328,27.829999923706055,27.885000228881836,15800
834,28.045000076293945,28.045000076293945,2014-09-09,28.290000915527344,27.360000610351562,28.290000915527344,35000
835,27.979999542236328,27.979999542236328,2014-09-08,28.469999313354492,27.815000534057617,28.149999618530273,65800
836,28.440000534057617,28.440000534057617,2014-09-05,28.68000030517578,27.989999771118164,28.19499969482422,27000
837,28.170000076293945,28.170000076293945,2014-09-04,28.950000762939453,28.170000076293945,28.655000686645508,35200
838,28.684999465942383,28.684999465942383,2014-09-03,29.0,28.450000762939453,28.665000915527344,76600
839,28.645000457763672,28.645000457763672,2014-09-02,29.395000457763672,28.600000381469727,29.395000457763672,29600
840,29.235000610351562,29.235000610351562,2014-08-29,29.28499984741211,28.649999618530273,28.950000762939453,67800
841,28.899999618530273,28.899999618530273,2014-08-28,29.104999542236328,28.420000076293945,28.420000076293945,42400
842,28.969999313354492,28.969999313354492,2014-08-27,29.145000457763672,28.90999984741211,28.96500015258789,11600
843,28.959999084472656,28.959999084472656,2014-08-26,28.96500015258789,28.295000076293945,28.639999389648438,25200
844,28.735000610351562,28.735000610351562,2014-08-25,29.174999237060547,28.645000457763672,29.104999542236328,23000
845,28.90999984741211,28.90999984741211,2014-08-22,29.225000381469727,28.770000457763672,29.15999984741211,33000
846,29.165000915527344,29.165000915527344,2014-08-21,29.239999771118164,28.5,28.549999237060547,175400
847,28.540000915527344,28.540000915527344,2014-08-20,28.875,28.5,28.684999465942383,16200
848,28.729999542236328,28.729999542236328,2014-08-19,28.93000030517578,28.514999389648438,28.93000030517578,27600
849,28.774999618530273,28.774999618530273,2014-08-18,28.809999465942383,28.104999542236328,28.799999237060547,62600
850,28.540000915527344,28.540000915527344,2014-08-15,28.8799991607666,27.950000762939453,28.8799991607666,46000
851,28.584999084472656,28.584999084472656,2014-08-14,28.834999084472656,28.395000457763672,28.635000228881836,70600
852,28.635000228881836,28.635000228881836,2014-08-13,29.09000015258789,28.440000534057617,28.489999771118164,59600
853,28.225000381469727,28.225000381469727,2014-08-12,28.5,28.079999923706055,28.399999618530273,42600
854,28.625,28.625,2014-08-11,28.625,27.885000228881836,28.520000457763672,50400
855,28.479999542236328,28.479999542236328,2014-08-08,29.204999923706055,28.125,29.204999923706055,42000
856,29.110000610351562,29.110000610351562,2014-08-07,29.344999313354492,28.40999984741211,28.40999984741211,43200
857,28.21500015258789,28.21500015258789,2014-08-06,28.235000610351562,27.610000610351562,27.610000610351562,39600
858,27.524999618530273,27.524999618530273,2014-08-05,27.844999313354492,27.200000762939453,27.260000228881836,45200
859,27.229999542236328,27.229999542236328,2014-08-04,27.68000030517578,27.0,27.15999984741211,44600
860,27.139999389648438,27.139999389648438,2014-08-01,27.459999084472656,25.084999084472656,27.459999084472656,75200
861,27.344999313354492,27.344999313354492,2014-07-31,27.899999618530273,27.149999618530273,27.899999618530273,37800
862,28.149999618530273,28.149999618530273,2014-07-30,28.200000762939453,28.024999618530273,28.094999313354492,18200
863,28.014999389648438,28.014999389648438,2014-07-29,28.1200008392334,27.854999542236328,27.854999542236328,35000
864,27.8799991607666,27.8799991607666,2014-07-28,28.389999389648438,27.719999313354492,28.235000610351562,42800
865,28.145000457763672,28.145000457763672,2014-07-25,28.270000457763672,27.844999313354492,28.06999969482422,49200
866,28.270000457763672,28.270000457763672,2014-07-24,28.4950008392334,28.139999389648438,28.4950008392334,29000
867,28.469999313354492,28.469999313354492,2014-07-23,28.69499969482422,28.325000762939453,28.4950008392334,42200
868,28.510000228881836,28.510000228881836,2014-07-22,28.559999465942383,28.100000381469727,28.270000457763672,47600
869,28.19499969482422,28.19499969482422,2014-07-21,28.524999618530273,28.0,28.415000915527344,37000
870,28.5049991607666,28.5049991607666,2014-07-18,28.704999923706055,28.204999923706055,28.354999542236328,44600
871,28.405000686645508,28.405000686645508,2014-07-17,28.850000381469727,28.350000381469727,28.469999313354492,68400
872,28.53499984741211,28.53499984741211,2014-07-16,28.790000915527344,27.469999313354492,27.924999237060547,127800
873,27.649999618530273,27.649999618530273,2014-07-15,28.145000457763672,27.559999465942383,28.049999237060547,43000
874,28.104999542236328,28.104999542236328,2014-07-14,28.350000381469727,27.959999084472656,28.270000457763672,87800
875,28.0,28.0,2014-07-11,28.450000762939453,27.8700008392334,28.219999313354492,68400
876,28.225000381469727,28.225000381469727,2014-07-10,28.729999542236328,28.149999618530273,28.350000381469727,125800
877,28.78499984741211,28.78499984741211,2014-07-09,28.950000762939453,28.34000015258789,28.90999984741211,108400
878,28.774999618530273,28.774999618530273,2014-07-08,29.125,28.350000381469727,28.959999084472656,105200
879,28.739999771118164,28.739999771118164,2014-07-07,29.545000076293945,28.594999313354492,29.479999542236328,79400
880,29.520000457763672,29.520000457763672,2014-07-03,29.649999618530273,29.5,29.604999542236328,44400
881,29.415000915527344,29.415000915527344,2014-07-02,30.399999618530273,29.06999969482422,30.399999618530273,83400
882,29.094999313354492,29.094999313354492,2014-07-01,29.604999542236328,28.625,29.295000076293945,89400
883,29.100000381469727,29.100000381469727,2014-06-30,29.225000381469727,28.53499984741211,29.170000076293945,138400
884,29.05500030517578,29.05500030517578,2014-06-27,29.764999389648438,29.024999618530273,29.40999984741211,475400
885,29.594999313354492,29.594999313354492,2014-06-26,29.895000457763672,29.184999465942383,29.575000762939453,74000
886,29.479999542236328,29.479999542236328,2014-06-25,29.4950008392334,29.020000457763672,29.170000076293945,56400
887,29.229999542236328,29.229999542236328,2014-06-24,29.65999984741211,28.979999542236328,29.114999771118164,60800
888,29.149999618530273,29.149999618530273,2014-06-23,29.329999923706055,28.75,29.309999465942383,47400
889,29.145000457763672,29.145000457763672,2014-06-20,29.31999969482422,27.8799991607666,28.7450008392334,103400
890,28.575000762939453,28.575000762939453,2014-06-19,28.790000915527344,28.405000686645508,28.790000915527344,94800
891,28.719999313354492,28.719999313354492,2014-06-18,28.7450008392334,28.30500030517578,28.65999984741211,50000
892,28.690000534057617,28.690000534057617,2014-06-17,29.21500015258789,28.395000457763672,28.584999084472656,56200
893,28.7450008392334,28.7450008392334,2014-06-16,28.950000762939453,28.350000381469727,28.8700008392334,79200
894,28.385000228881836,28.385000228881836,2014-06-13,28.674999237060547,28.114999771118164,28.559999465942383,54200
895,28.614999771118164,28.614999771118164,2014-06-12,28.635000228881836,27.844999313354492,28.18000030517578,76400
896,28.260000228881836,28.260000228881836,2014-06-11,28.614999771118164,28.139999389648438,28.350000381469727,33000
897,28.594999313354492,28.594999313354492,2014-06-10,28.94499969482422,28.360000610351562,28.5,26000
898,28.709999084472656,28.709999084472656,2014-06-09,28.7450008392334,28.18000030517578,28.375,80400
899,28.30500030517578,28.30500030517578,2014-06-06,29.065000534057617,28.219999313354492,29.049999237060547,73000
900,28.8700008392334,28.8700008392334,2014-06-05,29.06999969482422,28.030000686645508,28.030000686645508,110200
901,28.045000076293945,28.045000076293945,2014-06-04,28.155000686645508,26.78499984741211,26.9950008392334,183600
902,28.184999465942383,28.184999465942383,2014-06-03,28.270000457763672,27.4950008392334,28.270000457763672,146600
903,28.280000686645508,28.280000686645508,2014-06-02,28.565000534057617,27.864999771118164,28.270000457763672,72000
904,28.354999542236328,28.354999542236328,2014-05-30,28.395000457763672,27.94499969482422,28.375,145200
905,28.385000228881836,28.385000228881836,2014-05-29,28.774999618530273,28.2549991607666,28.424999237060547,59200
906,28.079999923706055,28.079999923706055,2014-05-28,28.165000915527344,27.93000030517578,28.065000534057617,61000
907,28.030000686645508,28.030000686645508,2014-05-27,28.469999313354492,27.915000915527344,28.045000076293945,61600
908,27.7549991607666,27.7549991607666,2014-05-23,27.969999313354492,27.46500015258789,27.645000457763672,145000
909,27.565000534057617,27.565000534057617,2014-05-22,27.895000457763672,26.729999542236328,26.975000381469727,155800
910,26.829999923706055,26.829999923706055,2014-05-21,27.309999465942383,26.3799991607666,26.46500015258789,160400
911,26.344999313354492,26.344999313354492,2014-05-20,26.700000762939453,25.604999542236328,26.389999389648438,122000
912,26.399999618530273,26.399999618530273,2014-05-19,26.7450008392334,25.594999313354492,25.815000534057617,166800
913,25.825000762939453,25.825000762939453,2014-05-16,26.104999542236328,24.770000457763672,25.0,101200
914,24.895000457763672,24.895000457763672,2014-05-15,25.260000228881836,24.6299991607666,25.09000015258789,81400
915,25.325000762939453,25.325000762939453,2014-05-14,26.434999465942383,25.2549991607666,26.135000228881836,56600
916,26.139999389648438,26.139999389648438,2014-05-13,26.424999237060547,25.684999465942383,26.100000381469727,118200
917,26.2549991607666,26.2549991607666,2014-05-12,26.440000534057617,25.045000076293945,25.2450008392334,150800
918,24.8700008392334,24.8700008392334,2014-05-09,25.2450008392334,24.614999771118164,24.899999618530273,168200
919,25.014999389648438,25.014999389648438,2014-05-08,25.459999084472656,24.985000610351562,25.084999084472656,107600
920,25.1200008392334,25.1200008392334,2014-05-07,25.354999542236328,24.920000076293945,25.065000534057617,118800
921,25.024999618530273,25.024999618530273,2014-05-06,25.69499969482422,24.764999389648438,25.614999771118164,97800
922,25.59000015258789,25.59000015258789,2014-05-05,25.725000381469727,25.075000762939453,25.329999923706055,166800
923,25.329999923706055,25.329999923706055,2014-05-02,25.5,25.25,25.405000686645508,118600
924,25.375,25.375,2014-05-01,25.614999771118164,24.940000534057617,25.049999237060547,188800
925,25.020000457763672,25.020000457763672,2014-04-30,25.649999618530273,24.75,25.530000686645508,1360000
926,25.6200008392334,25.6200008392334,2014-04-29,27.225000381469727,25.5049991607666,27.225000381469727,173800
927,27.350000381469727,27.350000381469727,2014-04-28,28.885000228881836,27.260000228881836,28.885000228881836,88600
928,28.71500015258789,28.71500015258789,2014-04-25,28.985000610351562,28.15999984741211,28.920000076293945,68800
929,29.125,29.125,2014-04-24,29.875,28.96500015258789,29.65999984741211,30200
930,29.864999771118164,29.864999771118164,2014-04-23,30.485000610351562,29.850000381469727,30.485000610351562,57000
931,30.424999237060547,30.424999237060547,2014-04-22,30.8799991607666,29.6299991607666,29.725000381469727,43400
932,29.645000457763672,29.645000457763672,2014-04-21,29.75,29.25,29.600000381469727,36600
933,29.5049991607666,29.5049991607666,2014-04-17,29.56999969482422,29.329999923706055,29.375,14200
934,29.329999923706055,29.329999923706055,2014-04-16,29.440000534057617,29.0,29.059999465942383,39600
935,28.940000534057617,28.940000534057617,2014-04-15,29.110000610351562,28.315000534057617,28.684999465942383,67800
936,28.415000915527344,28.415000915527344,2014-04-14,28.670000076293945,28.2549991607666,28.670000076293945,48000
937,28.375,28.375,2014-04-11,28.725000381469727,28.25,28.325000762939453,37600
938,28.5,28.5,2014-04-10,29.0,28.104999542236328,29.0,77200
939,28.975000381469727,28.975000381469727,2014-04-09,29.0,27.889999389648438,28.014999389648438,63600
940,27.829999923706055,27.829999923706055,2014-04-08,28.989999771118164,27.46500015258789,27.485000610351562,85600
941,27.559999465942383,27.559999465942383,2014-04-07,27.8700008392334,27.399999618530273,27.625,178000
942,27.6299991607666,27.6299991607666,2014-04-04,28.155000686645508,27.5,27.954999923706055,40000
943,27.760000228881836,27.760000228881836,2014-04-03,28.350000381469727,27.665000915527344,28.350000381469727,32000
944,28.219999313354492,28.219999313354492,2014-04-02,28.725000381469727,28.049999237060547,28.440000534057617,26400
945,28.290000915527344,28.290000915527344,2014-04-01,28.71500015258789,28.020000457763672,28.024999618530273,60400
946,27.8799991607666,27.8799991607666,2014-03-31,27.985000610351562,27.184999465942383,27.184999465942383,85200
947,27.100000381469727,27.100000381469727,2014-03-28,27.7549991607666,27.0049991607666,27.34000015258789,27200
948,27.3700008392334,27.3700008392334,2014-03-27,27.579999923706055,27.25,27.5049991607666,24400
949,27.584999084472656,27.584999084472656,2014-03-26,28.514999389648438,27.549999237060547,28.145000457763672,32400
950,28.049999237060547,28.049999237060547,2014-03-25,28.565000534057617,28.0,28.524999618530273,26400
951,28.219999313354492,28.219999313354492,2014-03-24,29.0,28.18000030517578,29.0,26200
952,28.920000076293945,28.920000076293945,2014-03-21,29.0,28.764999389648438,29.0,40800
953,28.989999771118164,28.989999771118164,2014-03-20,29.184999465942383,28.30500030517578,28.4950008392334,45600
954,28.19499969482422,28.19499969482422,2014-03-19,28.59000015258789,28.19499969482422,28.3799991607666,42400
955,28.325000762939453,28.325000762939453,2014-03-18,28.44499969482422,28.014999389648438,28.075000762939453,16600
956,28.06999969482422,28.06999969482422,2014-03-17,28.479999542236328,27.899999618530273,28.479999542236328,37200
957,28.309999465942383,28.309999465942383,2014-03-14,28.584999084472656,27.885000228881836,27.885000228881836,15400
958,27.78499984741211,27.78499984741211,2014-03-13,28.7549991607666,27.764999389648438,28.454999923706055,29800
959,28.354999542236328,28.354999542236328,2014-03-12,28.399999618530273,28.040000915527344,28.329999923706055,21800
960,28.2549991607666,28.2549991607666,2014-03-11,29.0,28.024999618530273,29.0,38000
961,28.94499969482422,28.94499969482422,2014-03-10,29.0,28.75,28.75,22600
962,28.924999237060547,28.924999237060547,2014-03-07,29.125,28.739999771118164,29.0,44800
963,28.959999084472656,28.959999084472656,2014-03-06,29.0,28.3799991607666,28.834999084472656,45000
964,28.625,28.625,2014-03-05,29.0,28.625,29.0,43200
965,29.040000915527344,29.040000915527344,2014-03-04,29.600000381469727,28.579999923706055,28.834999084472656,56400
966,28.524999618530273,28.524999618530273,2014-03-03,28.700000762939453,27.8700008392334,28.274999618530273,30400
967,28.434999465942383,28.434999465942383,2014-02-28,28.780000686645508,28.075000762939453,28.170000076293945,46000
968,28.114999771118164,28.114999771118164,2014-02-27,28.114999771118164,27.55500030517578,27.55500030517578,41600
969,27.565000534057617,27.565000534057617,2014-02-26,27.684999465942383,27.389999389648438,27.674999237060547,34800
970,27.795000076293945,27.795000076293945,2014-02-25,28.264999389648438,27.34000015258789,28.264999389648438,18000
971,28.219999313354492,28.219999313354492,2014-02-24,28.690000534057617,27.950000762939453,28.690000534057617,24600
972,28.55500030517578,28.55500030517578,2014-02-21,28.78499984741211,28.44499969482422,28.78499984741211,23600
973,28.594999313354492,28.594999313354492,2014-02-20,28.81999969482422,28.295000076293945,28.81999969482422,17200
974,28.68000030517578,28.68000030517578,2014-02-19,28.81999969482422,28.614999771118164,28.729999542236328,28800
975,28.915000915527344,28.915000915527344,2014-02-18,28.940000534057617,28.6200008392334,28.940000534057617,20800
976,28.809999465942383,28.809999465942383,2014-02-14,28.9950008392334,28.385000228881836,28.899999618530273,13800
977,28.844999313354492,28.844999313354492,2014-02-13,29.0,28.334999084472656,28.549999237060547,51400
978,28.704999923706055,28.704999923706055,2014-02-12,28.8799991607666,28.18000030517578,28.454999923706055,45000
979,28.475000381469727,28.475000381469727,2014-02-11,28.799999237060547,28.104999542236328,28.684999465942383,36600
980,28.530000686645508,28.530000686645508,2014-02-10,29.0,28.059999465942383,28.229999542236328,44000
981,28.520000457763672,28.520000457763672,2014-02-07,29.829999923706055,27.75,29.040000915527344,51000
982,29.0,29.0,2014-02-06,29.895000457763672,27.25,27.25,79200
983,26.479999542236328,26.479999542236328,2014-02-05,26.790000915527344,25.885000228881836,26.639999389648438,47000
984,26.55500030517578,26.55500030517578,2014-02-04,26.84000015258789,26.190000534057617,26.690000534057617,30400
985,26.489999771118164,26.489999771118164,2014-02-03,27.020000457763672,25.575000762939453,27.020000457763672,94200
986,26.969999313354492,26.969999313354492,2014-01-31,27.684999465942383,26.625,27.065000534057617,53400
987,27.3700008392334,27.3700008392334,2014-01-30,27.860000610351562,25.0,26.334999084472656,44200
988,26.045000076293945,26.045000076293945,2014-01-29,26.399999618530273,25.924999237060547,26.075000762939453,38600
989,26.18000030517578,26.18000030517578,2014-01-28,27.81999969482422,25.959999084472656,27.649999618530273,82800
990,27.670000076293945,27.670000076293945,2014-01-27,28.385000228881836,27.524999618530273,28.1200008392334,30400
991,28.059999465942383,28.059999465942383,2014-01-24,28.635000228881836,27.834999084472656,28.354999542236328,25400
992,28.440000534057617,28.440000534057617,2014-01-23,28.75,28.2549991607666,28.549999237060547,12200
993,28.639999389648438,28.639999389648438,2014-01-22,28.954999923706055,28.149999618530273,28.790000915527344,16800
994,28.8700008392334,28.8700008392334,2014-01-21,29.0,28.204999923706055,28.34000015258789,26200
995,28.25,28.25,2014-01-17,28.700000762939453,28.18000030517578,28.299999237060547,28200
996,28.299999237060547,28.299999237060547,2014-01-16,28.440000534057617,28.149999618530273,28.149999618530273,12600
997,28.1200008392334,28.1200008392334,2014-01-15,28.454999923706055,27.65999984741211,28.219999313354492,114000
998,28.049999237060547,28.049999237060547,2014-01-14,28.395000457763672,27.905000686645508,28.395000457763672,25200
999,28.190000534057617,28.190000534057617,2014-01-13,28.5,28.03499984741211,28.149999618530273,48800
1000,28.31999969482422,28.31999969482422,2014-01-10,28.5,28.079999923706055,28.30500030517578,10400
1001,28.229999542236328,28.229999542236328,2014-01-09,28.559999465942383,28.0049991607666,28.229999542236328,34000
1002,28.155000686645508,28.155000686645508,2014-01-08,28.875,28.149999618530273,28.155000686645508,35000
1003,28.450000762939453,28.450000762939453,2014-01-07,28.604999542236328,28.239999771118164,28.43000030517578,15400
1004,28.25,28.25,2014-01-06,28.549999237060547,28.0049991607666,28.280000686645508,47400
1005,28.25,28.25,2014-01-03,28.405000686645508,27.854999542236328,28.31999969482422,35200
1006,28.30500030517578,28.30500030517578,2014-01-02,28.34000015258789,28.125,28.34000015258789,54000
1007,28.420000076293945,28.420000076293945,2013-12-31,29.010000228881836,28.344999313354492,29.0,31000
1008,28.93000030517578,28.93000030517578,2013-12-30,29.075000762939453,28.84000015258789,29.0,20400
1009,28.989999771118164,28.989999771118164,2013-12-27,29.024999618530273,28.68000030517578,28.7450008392334,28400
1010,28.579999923706055,28.579999923706055,2013-12-26,29.165000915527344,28.579999923706055,29.100000381469727,68000
1011,29.125,29.125,2013-12-24,29.309999465942383,28.950000762939453,29.049999237060547,13600
1012,29.0,29.0,2013-12-23,29.149999618530273,28.75,28.75,38000
1013,28.719999313354492,28.719999313354492,2013-12-20,28.989999771118164,28.399999618530273,28.5,157200
1014,28.25,28.25,2013-12-19,28.28499984741211,28.03499984741211,28.059999465942383,58600
1015,28.125,28.125,2013-12-18,28.229999542236328,27.719999313354492,27.920000076293945,34400
1016,27.850000381469727,27.850000381469727,2013-12-17,28.239999771118164,26.264999389648438,26.68000030517578,82400
1017,26.614999771118164,26.614999771118164,2013-12-16,26.975000381469727,26.299999237060547,26.690000534057617,93800
1018,26.68000030517578,26.68000030517578,2013-12-13,27.690000534057617,26.600000381469727,27.649999618530273,50800
1019,27.489999771118164,27.489999771118164,2013-12-12,28.219999313354492,26.165000915527344,26.325000762939453,74400
1020,26.05500030517578,26.05500030517578,2013-12-11,26.225000381469727,25.834999084472656,26.204999923706055,47400
1021,26.170000076293945,26.170000076293945,2013-12-10,26.295000076293945,25.905000686645508,26.295000076293945,39000
1022,26.34000015258789,26.34000015258789,2013-12-09,26.56999969482422,25.690000534057617,25.989999771118164,46400
1023,26.0,26.0,2013-12-06,26.510000228881836,25.829999923706055,26.424999237060547,52000
1024,26.260000228881836,26.260000228881836,2013-12-05,26.739999771118164,26.114999771118164,26.584999084472656,64000
1025,26.549999237060547,26.549999237060547,2013-12-04,27.024999618530273,26.3700008392334,26.96500015258789,49600
1026,27.05500030517578,27.05500030517578,2013-12-03,27.360000610351562,26.799999237060547,26.885000228881836,37200
1027,26.834999084472656,26.834999084472656,2013-12-02,27.270000457763672,26.770000457763672,27.0,45400
1028,27.010000228881836,27.010000228881836,2013-11-29,27.864999771118164,27.010000228881836,27.815000534057617,16600
1029,27.735000610351562,27.735000610351562,2013-11-27,27.90999984741211,26.549999237060547,27.25,77400
1030,27.309999465942383,27.309999465942383,2013-11-26,27.825000762939453,27.25,27.399999618530273,15400
1031,27.385000228881836,27.385000228881836,2013-11-25,27.530000686645508,26.575000762939453,26.920000076293945,135000
1032,27.165000915527344,27.165000915527344,2013-11-22,27.540000915527344,27.06999969482422,27.21500015258789,89000
1033,27.125,27.125,2013-11-21,27.25,26.985000610351562,27.25,28200
1034,27.225000381469727,27.225000381469727,2013-11-20,27.25,26.219999313354492,26.364999771118164,35200
1035,26.334999084472656,26.334999084472656,2013-11-19,26.799999237060547,25.709999084472656,25.709999084472656,38400
1036,25.93000030517578,25.93000030517578,2013-11-18,26.18000030517578,23.7450008392334,24.4950008392334,62800
1037,24.545000076293945,24.545000076293945,2013-11-15,24.9950008392334,23.7549991607666,24.920000076293945,83000
1038,24.954999923706055,24.954999923706055,2013-11-14,25.125,24.764999389648438,24.920000076293945,996400
1039,24.989999771118164,24.989999771118164,2013-11-13,25.0,24.665000915527344,24.7549991607666,8200
1040,25.05500030517578,25.05500030517578,2013-11-12,25.329999923706055,24.875,25.329999923706055,6800
1041,25.434999465942383,25.434999465942383,2013-11-11,26.19499969482422,25.270000457763672,26.19499969482422,13200
1042,26.229999542236328,26.229999542236328,2013-11-08,26.44499969482422,24.625,25.010000228881836,28800
1043,25.5,25.5,2013-11-07,26.600000381469727,25.5,26.475000381469727,13200
1044,26.43000030517578,26.43000030517578,2013-11-06,26.940000534057617,26.375,26.940000534057617,6800
1045,26.579999923706055,26.579999923706055,2013-11-05,27.030000686645508,26.375,26.670000076293945,12800
1046,26.729999542236328,26.729999542236328,2013-11-04,27.209999084472656,26.354999542236328,26.354999542236328,14200
1047,26.889999389648438,26.889999389648438,2013-11-01,27.344999313354492,25.559999465942383,27.165000915527344,19000
1048,27.18000030517578,27.18000030517578,2013-10-31,27.434999465942383,26.899999618530273,27.30500030517578,22400
1049,27.25,27.25,2013-10-30,27.5,27.25,27.395000457763672,9000
1050,27.4950008392334,27.4950008392334,2013-10-29,27.524999618530273,27.315000534057617,27.350000381469727,29800
1051,27.40999984741211,27.40999984741211,2013-10-28,27.424999237060547,27.065000534057617,27.2549991607666,57800
1052,27.15999984741211,27.15999984741211,2013-10-25,27.364999771118164,27.05500030517578,27.364999771118164,14200
1053,27.295000076293945,27.295000076293945,2013-10-24,27.315000534057617,27.100000381469727,27.15999984741211,45000
1054,27.155000686645508,27.155000686645508,2013-10-23,27.30500030517578,27.065000534057617,27.145000457763672,43400
1055,27.229999542236328,27.229999542236328,2013-10-22,27.8799991607666,27.05500030517578,27.100000381469727,56800
1056,27.0049991607666,27.0049991607666,2013-10-21,27.475000381469727,26.905000686645508,27.309999465942383,66400
1057,27.2549991607666,27.2549991607666,2013-10-18,27.4950008392334,26.55500030517578,26.90999984741211,26400
1058,26.665000915527344,26.665000915527344,2013-10-17,26.899999618530273,26.295000076293945,26.295000076293945,58000
1059,26.649999618530273,26.649999618530273,2013-10-16,27.0,26.34000015258789,26.959999084472656,19000
1060,26.780000686645508,26.780000686645508,2013-10-15,26.989999771118164,26.7549991607666,26.799999237060547,12600
1061,26.719999313354492,26.719999313354492,2013-10-14,27.0,25.934999465942383,26.125,28800
1062,26.264999389648438,26.264999389648438,2013-10-11,26.299999237060547,25.719999313354492,25.729999542236328,49000
1063,25.875,25.875,2013-10-10,25.920000076293945,24.690000534057617,24.80500030517578,38200
1064,24.28499984741211,24.28499984741211,2013-10-09,25.655000686645508,24.165000915527344,25.655000686645508,23000
1065,25.6299991607666,25.6299991607666,2013-10-08,25.815000534057617,25.625,25.815000534057617,10800
1066,26.149999618530273,26.149999618530273,2013-10-07,26.31999969482422,25.760000228881836,26.045000076293945,16800
1067,25.7549991607666,25.7549991607666,2013-10-04,26.094999313354492,25.5,25.5,16400
1068,25.510000228881836,25.510000228881836,2013-10-03,25.885000228881836,25.440000534057617,25.665000915527344,74200
1069,25.69499969482422,25.69499969482422,2013-10-02,25.924999237060547,25.395000457763672,25.55500030517578,63000
1070,25.850000381469727,25.850000381469727,2013-10-01,26.459999084472656,25.665000915527344,25.93000030517578,27400
1071,25.84000015258789,25.84000015258789,2013-09-30,26.6200008392334,25.4950008392334,26.565000534057617,323600
1072,27.05500030517578,27.05500030517578,2013-09-27,27.225000381469727,26.6299991607666,26.950000762939453,50000
1073,27.100000381469727,27.100000381469727,2013-09-26,27.219999313354492,26.809999465942383,27.204999923706055,37200
1074,27.094999313354492,27.094999313354492,2013-09-25,27.25,26.55500030517578,27.0,32000
1075,27.040000915527344,27.040000915527344,2013-09-24,27.15999984741211,26.790000915527344,27.045000076293945,25600
1076,27.06999969482422,27.06999969482422,2013-09-23,27.364999771118164,26.979999542236328,27.100000381469727,44400
1077,27.315000534057617,27.315000534057617,2013-09-20,27.549999237060547,26.94499969482422,27.020000457763672,35400
1078,27.045000076293945,27.045000076293945,2013-09-19,27.045000076293945,26.780000686645508,26.899999618530273,10800
1079,27.045000076293945,27.045000076293945,2013-09-18,27.549999237060547,26.5,27.549999237060547,32400
1080,27.5,27.5,2013-09-17,27.5049991607666,26.850000381469727,27.5,10200
1081,27.53499984741211,27.53499984741211,2013-09-16,28.299999237060547,27.06999969482422,27.889999389648438,14600
1082,27.469999313354492,27.469999313354492,2013-09-13,27.545000076293945,27.15999984741211,27.25,39400
1083,27.25,27.25,2013-09-12,27.55500030517578,27.155000686645508,27.454999923706055,15400
1084,27.1299991607666,27.1299991607666,2013-09-11,27.489999771118164,27.125,27.479999542236328,38600
1085,27.6200008392334,27.6200008392334,2013-09-10,27.850000381469727,27.46500015258789,27.5,32200
1086,27.3799991607666,27.3799991607666,2013-09-09,28.065000534057617,27.165000915527344,27.78499984741211,36600
1087,27.719999313354492,27.719999313354492,2013-09-06,28.125,26.649999618530273,26.649999618530273,55200
1088,26.7450008392334,26.7450008392334,2013-09-05,26.975000381469727,26.125,26.975000381469727,43800
1089,26.93000030517578,26.93000030517578,2013-09-04,27.44499969482422,26.704999923706055,27.290000915527344,93400
1090,27.174999237060547,27.174999237060547,2013-09-03,27.424999237060547,25.0049991607666,26.4950008392334,114400
1091,25.975000381469727,25.975000381469727,2013-08-30,26.475000381469727,25.725000381469727,26.475000381469727,39000
1092,26.549999237060547,26.549999237060547,2013-08-29,26.649999618530273,26.239999771118164,26.239999771118164,53800
1093,26.290000915527344,26.290000915527344,2013-08-28,26.5,26.0,26.25,102800
1094,26.25,26.25,2013-08-27,27.864999771118164,26.1299991607666,27.530000686645508,27400
1095,27.825000762939453,27.825000762939453,2013-08-26,28.040000915527344,27.395000457763672,27.924999237060547,46400
1096,28.204999923706055,28.204999923706055,2013-08-23,28.53499984741211,27.55500030517578,27.940000534057617,47800
1097,27.760000228881836,27.760000228881836,2013-08-22,28.350000381469727,27.09000015258789,27.09000015258789,8000
1098,27.645000457763672,27.645000457763672,2013-08-21,28.03499984741211,26.9950008392334,27.0,44800
1099,27.045000076293945,27.045000076293945,2013-08-20,27.575000762939453,26.014999389648438,26.549999237060547,72000
1100,26.489999771118164,26.489999771118164,2013-08-19,27.264999389648438,26.25,27.25,51800
1101,27.084999084472656,27.084999084472656,2013-08-16,27.764999389648438,26.690000534057617,27.59000015258789,71400
1102,27.75,27.75,2013-08-15,28.469999313354492,27.635000228881836,28.395000457763672,22400
1103,28.5,28.5,2013-08-14,29.125,28.5,29.079999923706055,40000
1104,29.030000686645508,29.030000686645508,2013-08-13,29.2450008392334,29.0,29.065000534057617,38400
1105,29.25,29.25,2013-08-12,29.479999542236328,29.010000228881836,29.010000228881836,49600
1106,29.43000030517578,29.43000030517578,2013-08-09,30.239999771118164,29.18000030517578,29.649999618530273,68600
1107,29.690000534057617,29.690000534057617,2013-08-08,30.0,29.225000381469727,30.0,51600
1108,29.020000457763672,29.020000457763672,2013-08-07,31.475000381469727,28.719999313354492,31.475000381469727,76600
1109,31.559999465942383,31.559999465942383,2013-08-06,31.690000534057617,31.295000076293945,31.295000076293945,38400
1110,31.454999923706055,31.454999923706055,2013-08-05,31.700000762939453,30.954999923706055,31.655000686645508,35200
1111,31.799999237060547,31.799999237060547,2013-08-02,31.799999237060547,31.334999084472656,31.524999618530273,14000
1112,31.530000686645508,31.530000686645508,2013-08-01,32.19499969482422,31.344999313354492,31.834999084472656,32400
1113,31.7450008392334,31.7450008392334,2013-07-31,31.81999969482422,31.354999542236328,31.43000030517578,52800
1114,31.2450008392334,31.2450008392334,2013-07-30,31.844999313354492,31.190000534057617,31.760000228881836,54000
1115,31.540000915527344,31.540000915527344,2013-07-29,31.889999389648438,31.375,31.59000015258789,28000
1116,31.520000457763672,31.520000457763672,2013-07-26,31.704999923706055,31.25,31.299999237060547,36400
1117,31.424999237060547,31.424999237060547,2013-07-25,31.625,31.014999389648438,31.014999389648438,60600
1118,30.985000610351562,30.985000610351562,2013-07-24,30.989999771118164,30.25,30.954999923706055,114800
1119,30.790000915527344,30.790000915527344,2013-07-23,30.985000610351562,30.649999618530273,30.84000015258789,26800
1120,30.795000076293945,30.795000076293945,2013-07-22,31.010000228881836,30.21500015258789,31.0,30400
1121,31.020000457763672,31.020000457763672,2013-07-19,31.75,30.700000762939453,31.395000457763672,59400
1122,31.760000228881836,31.760000228881836,2013-07-18,31.924999237060547,31.0,31.844999313354492,29600
1123,31.850000381469727,31.850000381469727,2013-07-17,32.0099983215332,31.40999984741211,31.875,34200
1124,31.850000381469727,31.850000381469727,2013-07-16,32.27000045776367,31.7450008392334,31.825000762939453,46200
1125,31.950000762939453,31.950000762939453,2013-07-15,32.744998931884766,31.530000686645508,32.35499954223633,143200
1126,32.209999084472656,32.209999084472656,2013-07-12,32.25,31.28499984741211,31.53499984741211,34800
1127,31.7450008392334,31.7450008392334,2013-07-11,32.68000030517578,31.170000076293945,32.68000030517578,28600
1128,31.78499984741211,31.78499984741211,2013-07-10,32.30500030517578,31.549999237060547,32.279998779296875,69400
1129,32.0099983215332,32.0099983215332,2013-07-09,33.04999923706055,31.545000076293945,33.04999923706055,39400
1130,32.95500183105469,32.95500183105469,2013-07-08,33.494998931884766,32.40999984741211,32.61000061035156,38400
1131,32.59000015258789,32.59000015258789,2013-07-05,32.7400016784668,31.854999542236328,32.2400016784668,69600
1132,31.764999389648438,31.764999389648438,2013-07-03,31.8799991607666,30.549999237060547,30.674999237060547,47400
1133,30.80500030517578,30.80500030517578,2013-07-02,30.90999984741211,30.3700008392334,30.709999084472656,39400
1134,30.520000457763672,30.520000457763672,2013-07-01,30.594999313354492,29.774999618530273,29.924999237060547,75200
1135,29.94499969482422,29.94499969482422,2013-06-28,30.489999771118164,29.40999984741211,29.40999984741211,152000
1136,29.760000228881836,29.760000228881836,2013-06-27,30.0,29.520000457763672,29.725000381469727,48400
1137,29.614999771118164,29.614999771118164,2013-06-26,30.360000610351562,29.5,29.7450008392334,16200
1138,29.56999969482422,29.56999969482422,2013-06-25,29.774999618530273,29.06999969482422,29.690000534057617,30200
1139,29.59000015258789,29.59000015258789,2013-06-24,30.81999969482422,29.364999771118164,30.56999969482422,39000
1140,31.049999237060547,31.049999237060547,2013-06-21,31.325000762939453,30.940000534057617,31.200000762939453,69400
1141,31.024999618530273,31.024999618530273,2013-06-20,31.184999465942383,30.59000015258789,30.735000610351562,17200
1142,31.204999923706055,31.204999923706055,2013-06-19,31.549999237060547,30.934999465942383,31.110000610351562,80200
1143,31.110000610351562,31.110000610351562,2013-06-18,31.1299991607666,29.485000610351562,30.18000030517578,107000
1144,30.19499969482422,30.19499969482422,2013-06-17,30.350000381469727,29.024999618530273,29.469999313354492,38600
1145,28.885000228881836,28.885000228881836,2013-06-14,29.725000381469727,28.510000228881836,28.834999084472656,75200
1146,28.899999618530273,28.899999618530273,2013-06-13,28.934999465942383,27.610000610351562,27.725000381469727,75200
1147,27.834999084472656,27.834999084472656,2013-06-12,28.125,27.43000030517578,28.06999969482422,41800
1148,27.709999084472656,27.709999084472656,2013-06-11,29.149999618530273,25.350000381469727,25.350000381469727,160800
1149,25.709999084472656,25.709999084472656,2013-06-10,25.774999618530273,24.989999771118164,25.184999465942383,80400
1150,25.155000686645508,25.155000686645508,2013-06-07,25.334999084472656,24.875,25.334999084472656,65000
1151,25.139999389648438,25.139999389648438,2013-06-06,25.31999969482422,24.225000381469727,24.704999923706055,35600
1152,24.700000762939453,24.700000762939453,2013-06-05,25.625,24.420000076293945,25.625,24600
1153,25.510000228881836,25.510000228881836,2013-06-04,25.65999984741211,25.0049991607666,25.084999084472656,19000
1154,25.469999313354492,25.469999313354492,2013-06-03,25.579999923706055,24.290000915527344,24.854999542236328,49400
1155,24.864999771118164,24.864999771118164,2013-05-31,25.094999313354492,24.594999313354492,25.014999389648438,33000
1156,25.094999313354492,25.094999313354492,2013-05-30,25.235000610351562,24.59000015258789,24.674999237060547,37000
1157,24.610000610351562,24.610000610351562,2013-05-29,24.829999923706055,24.43000030517578,24.43000030517578,25800
1158,24.559999465942383,24.559999465942383,2013-05-28,24.969999313354492,24.450000762939453,24.78499984741211,89400
1159,24.600000381469727,24.600000381469727,2013-05-24,24.684999465942383,24.170000076293945,24.290000915527344,23000
1160,24.514999389648438,24.514999389648438,2013-05-23,24.6200008392334,24.225000381469727,24.225000381469727,6800
1161,24.325000762939453,24.325000762939453,2013-05-22,24.700000762939453,24.100000381469727,24.59000015258789,56800
1162,24.489999771118164,24.489999771118164,2013-05-21,24.774999618530273,24.145000457763672,24.450000762939453,39000
1163,24.540000915527344,24.540000915527344,2013-05-20,24.8799991607666,24.299999237060547,24.639999389648438,54200
1164,24.625,24.625,2013-05-17,24.950000762939453,24.155000686645508,24.209999084472656,51400
1165,24.139999389648438,24.139999389648438,2013-05-16,24.165000915527344,23.75,23.959999084472656,82400
1166,24.084999084472656,24.084999084472656,2013-05-15,24.360000610351562,23.600000381469727,23.600000381469727,12200
1167,23.795000076293945,23.795000076293945,2013-05-14,23.954999923706055,23.594999313354492,23.829999923706055,16400
1168,23.725000381469727,23.725000381469727,2013-05-13,23.725000381469727,23.350000381469727,23.530000686645508,9000
1169,23.6200008392334,23.6200008392334,2013-05-10,23.75,22.924999237060547,23.094999313354492,67400
1170,23.030000686645508,23.030000686645508,2013-05-09,23.350000381469727,22.415000915527344,22.415000915527344,31600
1171,23.6299991607666,23.6299991607666,2013-05-08,24.174999237060547,23.209999084472656,23.389999389648438,59200
1172,23.389999389648438,23.389999389648438,2013-05-07,23.389999389648438,22.280000686645508,22.969999313354492,48800
1173,22.885000228881836,22.885000228881836,2013-05-06,23.149999618530273,22.424999237060547,22.475000381469727,36400
1174,22.485000610351562,22.485000610351562,2013-05-03,22.559999465942383,22.0,22.389999389648438,55600
1175,22.114999771118164,22.114999771118164,2013-05-02,22.524999618530273,22.079999923706055,22.524999618530273,38800
1176,22.459999084472656,22.459999084472656,2013-05-01,22.780000686645508,22.25,22.274999618530273,68200
1177,22.739999771118164,22.739999771118164,2013-04-30,22.795000076293945,22.530000686645508,22.635000228881836,9600
1178,22.549999237060547,22.549999237060547,2013-04-29,22.604999542236328,22.315000534057617,22.315000534057617,9800
1179,22.375,22.375,2013-04-26,22.549999237060547,22.235000610351562,22.549999237060547,30400
1180,22.579999923706055,22.579999923706055,2013-04-25,22.770000457763672,21.7450008392334,21.96500015258789,54400
1181,21.790000915527344,21.790000915527344,2013-04-24,21.850000381469727,21.450000762939453,21.459999084472656,33200
1182,21.4950008392334,21.4950008392334,2013-04-23,21.5,20.959999084472656,20.985000610351562,33600
1183,20.8700008392334,20.8700008392334,2013-04-22,21.25,20.395000457763672,21.09000015258789,50000
1184,21.020000457763672,21.020000457763672,2013-04-19,21.020000457763672,20.4950008392334,20.5,26600
1185,20.5,20.5,2013-04-18,20.559999465942383,20.0,20.325000762939453,40000
1186,20.239999771118164,20.239999771118164,2013-04-17,21.809999465942383,20.100000381469727,21.625,40000
1187,21.809999465942383,21.809999465942383,2013-04-16,22.114999771118164,21.510000228881836,21.790000915527344,29800
1188,21.514999389648438,21.514999389648438,2013-04-15,22.844999313354492,21.5,22.844999313354492,18200
1189,22.889999389648438,22.889999389648438,2013-04-12,23.075000762939453,22.6299991607666,23.075000762939453,20000
1190,23.114999771118164,23.114999771118164,2013-04-11,23.399999618530273,22.90999984741211,23.1299991607666,88600
1191,23.19499969482422,23.19499969482422,2013-04-10,23.270000457763672,22.25,22.290000915527344,35800
1192,22.270000457763672,22.270000457763672,2013-04-09,22.795000076293945,22.1200008392334,22.645000457763672,11000
1193,22.600000381469727,22.600000381469727,2013-04-08,22.719999313354492,22.385000228881836,22.479999542236328,39400
1194,22.46500015258789,22.46500015258789,2013-04-05,22.649999618530273,22.125,22.15999984741211,77000
1195,22.540000915527344,22.540000915527344,2013-04-04,22.600000381469727,22.264999389648438,22.264999389648438,13000
1196,22.360000610351562,22.360000610351562,2013-04-03,22.729999542236328,22.25,22.43000030517578,21800
1197,22.44499969482422,22.44499969482422,2013-04-02,22.989999771118164,22.415000915527344,22.959999084472656,14000
1198,22.774999618530273,22.774999618530273,2013-04-01,23.184999465942383,22.649999618530273,23.110000610351562,24800
1199,23.104999542236328,23.104999542236328,2013-03-28,23.274999618530273,23.020000457763672,23.274999618530273,55200
1200,23.190000534057617,23.190000534057617,2013-03-27,23.4950008392334,22.854999542236328,23.270000457763672,26400
1201,23.424999237060547,23.424999237060547,2013-03-26,23.510000228881836,22.875,23.104999542236328,62600
1202,22.950000762939453,22.950000762939453,2013-03-25,23.264999389648438,22.850000381469727,23.084999084472656,13200
1203,22.9950008392334,22.9950008392334,2013-03-22,23.354999542236328,22.825000762939453,23.125,70000
1204,23.6299991607666,23.6299991607666,2013-03-21,23.760000228881836,23.549999237060547,23.760000228881836,7200
1205,23.850000381469727,23.850000381469727,2013-03-20,23.850000381469727,23.549999237060547,23.625,44000
1206,23.604999542236328,23.604999542236328,2013-03-19,24.014999389648438,23.450000762939453,23.895000457763672,47600
1207,23.75,23.75,2013-03-18,24.06999969482422,23.290000915527344,23.65999984741211,17400
1208,24.0,24.0,2013-03-15,24.1200008392334,23.655000686645508,23.989999771118164,61800
1209,23.950000762939453,23.950000762939453,2013-03-14,24.239999771118164,23.395000457763672,23.395000457763672,13600
1210,23.3700008392334,23.3700008392334,2013-03-13,23.700000762939453,23.225000381469727,23.43000030517578,11200
1211,23.479999542236328,23.479999542236328,2013-03-12,23.739999771118164,23.290000915527344,23.610000610351562,8600
1212,23.594999313354492,23.594999313354492,2013-03-11,23.950000762939453,23.385000228881836,23.950000762939453,15600
1213,23.825000762939453,23.825000762939453,2013-03-08,24.149999618530273,23.81999969482422,24.149999618530273,42400
1214,23.850000381469727,23.850000381469727,2013-03-07,24.25,23.200000762939453,24.25,14400
1215,24.2549991607666,24.2549991607666,2013-03-06,24.43000030517578,23.6200008392334,23.885000228881836,6400
1216,23.799999237060547,23.799999237060547,2013-03-05,23.9950008392334,23.549999237060547,23.610000610351562,19800
1217,23.5,23.5,2013-03-04,23.5,22.920000076293945,22.989999771118164,18800
1218,23.094999313354492,23.094999313354492,2013-03-01,23.299999237060547,22.68000030517578,22.68000030517578,25400
1219,22.979999542236328,22.979999542236328,2013-02-28,23.075000762939453,22.75,22.975000381469727,30000
1220,22.975000381469727,22.975000381469727,2013-02-27,23.125,22.65999984741211,23.049999237060547,32600
1221,23.2450008392334,23.2450008392334,2013-02-26,23.469999313354492,22.795000076293945,22.795000076293945,20400
1222,22.700000762939453,22.700000762939453,2013-02-25,23.184999465942383,22.700000762939453,22.725000381469727,42600
1223,22.989999771118164,22.989999771118164,2013-02-22,23.2549991607666,22.53499984741211,22.969999313354492,15000
1224,22.905000686645508,22.905000686645508,2013-02-21,23.760000228881836,22.625,23.760000228881836,19600
1225,23.809999465942383,23.809999465942383,2013-02-20,24.239999771118164,23.809999465942383,24.065000534057617,22200
1226,24.024999618530273,24.024999618530273,2013-02-19,24.200000762939453,23.34000015258789,23.69499969482422,29000
1227,23.709999084472656,23.709999084472656,2013-02-15,23.799999237060547,23.235000610351562,23.270000457763672,36000
1228,23.200000762939453,23.200000762939453,2013-02-14,23.53499984741211,22.9950008392334,22.9950008392334,16200
1229,23.1200008392334,23.1200008392334,2013-02-13,23.559999465942383,22.989999771118164,23.360000610351562,15800
1230,23.399999618530273,23.399999618530273,2013-02-12,23.69499969482422,22.959999084472656,22.959999084472656,28000
1231,22.864999771118164,22.864999771118164,2013-02-11,23.139999389648438,22.55500030517578,22.954999923706055,45400
1232,23.0,23.0,2013-02-08,23.360000610351562,22.350000381469727,22.514999389648438,51000
1233,22.575000762939453,22.575000762939453,2013-02-07,23.8799991607666,21.770000457763672,23.8799991607666,58000
1234,24.25,24.25,2013-02-06,24.3799991607666,24.09000015258789,24.350000381469727,12800
1235,24.420000076293945,24.420000076293945,2013-02-05,24.7450008392334,23.559999465942383,24.0049991607666,31600
1236,23.799999237060547,23.799999237060547,2013-02-04,24.44499969482422,23.760000228881836,24.06999969482422,23400
1237,24.264999389648438,24.264999389648438,2013-02-01,24.299999237060547,23.344999313354492,23.344999313354492,27200
1238,23.295000076293945,23.295000076293945,2013-01-31,23.450000762939453,22.385000228881836,23.219999313354492,77600
1239,23.204999923706055,23.204999923706055,2013-01-30,23.360000610351562,22.19499969482422,22.19499969482422,9600
1240,22.90999984741211,22.90999984741211,2013-01-29,22.989999771118164,22.075000762939453,22.834999084472656,9400
1241,22.81999969482422,22.81999969482422,2013-01-28,22.825000762939453,22.165000915527344,22.549999237060547,52200
1242,22.655000686645508,22.655000686645508,2013-01-25,23.594999313354492,22.229999542236328,23.594999313354492,28600
1243,23.5049991607666,23.5049991607666,2013-01-24,23.700000762939453,23.360000610351562,23.575000762939453,63800
1244,23.520000457763672,23.520000457763672,2013-01-23,23.81999969482422,23.329999923706055,23.635000228881836,17000
1245,23.690000534057617,23.690000534057617,2013-01-22,23.75,22.850000381469727,22.850000381469727,52000
1246,22.854999542236328,22.854999542236328,2013-01-18,22.950000762939453,22.6200008392334,22.690000534057617,12800
1247,22.68000030517578,22.68000030517578,2013-01-17,22.950000762939453,22.549999237060547,22.875,12000
1248,22.825000762939453,22.825000762939453,2013-01-16,22.9950008392334,22.760000228881836,22.825000762939453,21600
1249,22.915000915527344,22.915000915527344,2013-01-15,22.920000076293945,22.200000762939453,22.579999923706055,29400
1250,22.665000915527344,22.665000915527344,2013-01-14,22.934999465942383,21.96500015258789,21.96500015258789,43800
1251,22.06999969482422,22.06999969482422,2013-01-11,22.450000762939453,21.924999237060547,22.1200008392334,68400
1252,22.145000457763672,22.145000457763672,2013-01-10,22.190000534057617,21.530000686645508,22.190000534057617,33000
1253,21.9950008392334,21.9950008392334,2013-01-09,22.0,21.729999542236328,21.729999542236328,34600
1254,21.71500015258789,21.71500015258789,2013-01-08,21.94499969482422,21.0049991607666,21.459999084472656,73200
1255,21.520000457763672,21.520000457763672,2013-01-07,21.674999237060547,21.225000381469727,21.225000381469727,17200
1256,21.40999984741211,21.40999984741211,2013-01-04,21.729999542236328,19.770000457763672,21.729999542236328,69800
1257,21.575000762939453,21.575000762939453,2013-01-03,21.920000076293945,21.520000457763672,21.65999984741211,42200
1258,21.690000534057617,21.690000534057617,2013-01-02,21.81999969482422,20.90999984741211,21.260000228881836,44200
1259,20.670000076293945,20.670000076293945,2012-12-31,20.725000381469727,19.594999313354492,19.780000686645508,69800
1260,19.844999313354492,19.844999313354492,2012-12-28,20.0,19.75,19.815000534057617,48200
1261,19.969999313354492,19.969999313354492,2012-12-27,20.375,19.524999618530273,19.815000534057617,23200
1262,20.204999923706055,20.204999923706055,2012-12-26,20.309999465942383,20.05500030517578,20.149999618530273,44400
1263,20.155000686645508,20.155000686645508,2012-12-24,20.350000381469727,19.489999771118164,19.920000076293945,46200
1264,20.104999542236328,20.104999542236328,2012-12-21,20.145000457763672,19.264999389648438,20.05500030517578,70400
1265,20.024999618530273,20.024999618530273,2012-12-20,20.600000381469727,19.84000015258789,20.579999923706055,36000
1266,20.604999542236328,20.604999542236328,2012-12-19,20.649999618530273,20.25,20.364999771118164,72600
1267,20.30500030517578,20.30500030517578,2012-12-18,20.979999542236328,20.149999618530273,20.979999542236328,57200
1268,20.885000228881836,20.885000228881836,2012-12-17,20.950000762939453,20.280000686645508,20.280000686645508,30200
1269,20.170000076293945,20.170000076293945,2012-12-14,20.350000381469727,20.0049991607666,20.0049991607666,86200
1270,20.0,20.0,2012-12-13,20.149999618530273,19.584999084472656,20.1299991607666,24200
1271,20.020000457763672,21.270000457763672,2012-12-12,21.479999542236328,21.05500030517578,21.479999542236328,31200
1272,19.864696502685547,21.104999542236328,2012-12-11,21.5,20.700000762939453,20.94499969482422,107600
1273,19.521146774291992,20.739999771118164,2012-12-10,20.75,20.44499969482422,20.565000534057617,15200
1274,19.177597045898438,20.375,2012-12-07,20.75,19.915000915527344,20.475000381469727,67200
1275,19.154067993164062,20.350000381469727,2012-12-06,20.350000381469727,20.079999923706055,20.219999313354492,14400
1276,19.008174896240234,20.19499969482422,2012-12-05,20.2450008392334,20.0,20.0,40000
1277,18.594032287597656,19.7549991607666,2012-12-04,19.989999771118164,19.399999618530273,19.690000534057617,48600
1278,18.523441314697266,19.68000030517578,2012-12-03,20.25,19.53499984741211,20.239999771118164,47400
1279,19.031705856323242,20.219999313354492,2012-11-30,20.270000457763672,20.049999237060547,20.270000457763672,17600
1280,19.027000427246094,20.21500015258789,2012-11-29,20.375,20.020000457763672,20.104999542236328,29200
1281,18.815223693847656,19.989999771118164,2012-11-28,20.094999313354492,19.700000762939453,19.75,18000
1282,18.75874900817871,19.93000030517578,2012-11-27,20.059999465942383,19.760000228881836,19.84000015258789,35200
1283,18.598739624023438,19.760000228881836,2012-11-26,19.885000228881836,19.21500015258789,19.229999542236328,20600
1284,18.095182418823242,19.225000381469727,2012-11-23,19.25,18.815000534057617,18.860000610351562,50800
1285,17.77045440673828,18.8799991607666,2012-11-21,18.8799991607666,18.44499969482422,18.44499969482422,5200
1286,17.539854049682617,18.635000228881836,2012-11-20,18.90999984741211,18.274999618530273,18.875,72200
1287,17.751632690429688,18.860000610351562,2012-11-19,18.860000610351562,18.395000457763672,18.395000457763672,12600
1288,17.064531326293945,18.1299991607666,2012-11-16,18.399999618530273,17.885000228881836,18.149999618530273,78200
1289,17.11159324645996,18.18000030517578,2012-11-15,18.385000228881836,18.174999237060547,18.209999084472656,24400
1290,17.229248046875,18.30500030517578,2012-11-14,18.40999984741211,18.174999237060547,18.274999618530273,14600
1291,17.276309967041016,18.354999542236328,2012-11-13,18.575000762939453,17.825000762939453,18.104999542236328,47000
1292,17.11159324645996,18.18000030517578,2012-11-12,18.25,18.125,18.25,11800
1293,17.163362503051758,18.235000610351562,2012-11-09,18.40999984741211,17.780000686645508,18.274999618530273,40600
1294,17.22454071044922,18.299999237060547,2012-11-08,18.75,18.299999237060547,18.655000686645508,14400
1295,17.455142974853516,18.545000076293945,2012-11-07,19.170000076293945,18.40999984741211,19.170000076293945,27200
1296,18.132829666137695,19.264999389648438,2012-11-06,19.670000076293945,18.545000076293945,18.545000076293945,23800
1297,17.097476959228516,18.165000915527344,2012-11-05,18.235000610351562,17.729999542236328,17.729999542236328,18800
1298,16.688039779663086,17.729999542236328,2012-11-02,18.219999313354492,17.549999237060547,18.065000534057617,39600
1299,17.33749008178711,18.420000076293945,2012-11-01,18.53499984741211,17.829999923706055,17.954999923706055,32400
1300,16.83393096923828,17.885000228881836,2012-10-31,17.9950008392334,17.625,17.9950008392334,18400
1301,17.050413131713867,18.114999771118164,2012-10-26,18.684999465942383,17.9950008392334,18.145000457763672,73000
1302,17.12571144104004,18.19499969482422,2012-10-25,18.565000534057617,18.040000915527344,18.334999084472656,12800
1303,17.102182388305664,18.170000076293945,2012-10-24,18.395000457763672,18.170000076293945,18.274999618530273,14000
1304,17.23395347595215,18.309999465942383,2012-10-23,18.780000686645508,18.149999618530273,18.149999618530273,25800
1305,17.21042251586914,18.28499984741211,2012-10-22,18.354999542236328,18.114999771118164,18.1200008392334,7600
1306,16.965702056884766,18.024999618530273,2012-10-19,18.475000381469727,17.780000686645508,18.290000915527344,64400
1307,17.42690658569336,18.514999389648438,2012-10-18,19.18000030517578,18.360000610351562,18.950000762939453,37000
1308,17.90693473815918,19.024999618530273,2012-10-17,19.594999313354492,18.915000915527344,19.354999542236328,57200
1309,18.231660842895508,19.3700008392334,2012-10-16,19.829999923706055,19.209999084472656,19.829999923706055,20600
1310,18.466968536376953,19.6200008392334,2012-10-15,20.149999618530273,19.594999313354492,19.875,33600
1311,18.589326858520508,19.75,2012-10-12,19.875,19.235000610351562,19.235000610351562,111800
1312,18.11400604248047,19.2450008392334,2012-10-11,20.1299991607666,18.940000534057617,19.770000457763672,46600
1313,18.30695915222168,19.450000762939453,2012-10-10,19.7450008392334,19.315000534057617,19.389999389648438,9000
1314,18.217540740966797,19.354999542236328,2012-10-09,20.344999313354492,19.350000381469727,20.184999465942383,33600
1315,18.824636459350586,20.0,2012-10-08,20.2450008392334,19.8799991607666,19.90999984741211,18800
1316,18.8811092376709,20.059999465942383,2012-10-05,20.174999237060547,19.854999542236328,20.145000457763672,39000
1317,18.87640380859375,20.05500030517578,2012-10-04,20.110000610351562,19.809999465942383,19.899999618530273,22800
1318,18.67403793334961,19.84000015258789,2012-10-03,20.44499969482422,19.815000534057617,20.014999389648438,15000
1319,18.79169273376465,19.96500015258789,2012-10-02,20.344999313354492,19.815000534057617,20.270000457763672,30600
1320,18.951702117919922,20.135000228881836,2012-10-01,20.440000534057617,19.78499984741211,19.850000381469727,51200
1321,18.457555770874023,19.610000610351562,2012-09-28,19.860000610351562,19.30500030517578,19.7450008392334,54200
1322,18.48579216003418,19.639999389648438,2012-09-27,19.735000610351562,19.235000610351562,19.545000076293945,26200
1323,18.26930809020996,19.40999984741211,2012-09-26,19.655000686645508,19.15999984741211,19.479999542236328,62800
1324,18.18459701538086,19.31999969482422,2012-09-25,19.989999771118164,19.079999923706055,19.114999771118164,51000
1325,17.91634750366211,19.03499984741211,2012-09-24,19.1200008392334,18.125,18.190000534057617,52200
1326,17.172775268554688,18.2450008392334,2012-09-21,18.2450008392334,17.704999923706055,17.875,83600
1327,16.62215232849121,17.65999984741211,2012-09-20,17.920000076293945,17.44499969482422,17.790000915527344,10400
1328,16.796279907226562,17.844999313354492,2012-09-19,18.075000762939453,17.770000457763672,17.9950008392334,16000
1329,16.800987243652344,17.850000381469727,2012-09-18,18.094999313354492,17.295000076293945,17.655000686645508,37600
1330,16.786867141723633,17.834999084472656,2012-09-17,17.975000381469727,17.475000381469727,17.475000381469727,20800
1331,16.396257400512695,17.420000076293945,2012-09-14,17.75,17.264999389648438,17.59000015258789,56200
1332,16.603328704833984,17.639999389648438,2012-09-13,17.704999923706055,17.264999389648438,17.364999771118164,24400
1333,16.391551971435547,17.415000915527344,2012-09-12,17.450000762939453,17.264999389648438,17.450000762939453,61200
1334,16.424495697021484,17.450000762939453,2012-09-11,17.5,17.0,17.0049991607666,113600
1335,16.029178619384766,17.030000686645508,2012-09-10,17.71500015258789,16.885000228881836,17.71500015258789,25000
1336,16.62215232849121,17.65999984741211,2012-09-07,17.799999237060547,17.385000228881836,17.68000030517578,32200
1337,16.5656795501709,17.600000381469727,2012-09-06,17.80500030517578,17.190000534057617,17.290000915527344,48800
1338,16.05741310119629,17.059999465942383,2012-09-05,17.239999771118164,16.7549991607666,17.239999771118164,24400
1339,16.137418746948242,17.145000457763672,2012-09-04,17.4950008392334,16.600000381469727,17.15999984741211,36600
1340,16.024471282958984,17.024999618530273,2012-08-31,17.9950008392334,16.774999618530273,17.565000534057617,66800
1341,16.311546325683594,17.329999923706055,2012-08-30,17.625,17.25,17.25,4000
1342,16.283309936523438,17.299999237060547,2012-08-29,17.5,16.850000381469727,16.924999237060547,63400
1343,15.967997550964355,16.96500015258789,2012-08-28,17.0,16.0,16.950000762939453,13800
1344,15.977410316467285,16.975000381469727,2012-08-27,17.46500015258789,15.9350004196167,15.9350004196167,15400
1345,16.1656551361084,17.174999237060547,2012-08-24,17.405000686645508,16.989999771118164,17.100000381469727,4000
1346,16.04800033569336,17.049999237060547,2012-08-23,17.270000457763672,16.954999923706055,17.2450008392334,46200
1347,16.17977523803711,17.190000534057617,2012-08-22,17.475000381469727,17.190000534057617,17.260000228881836,11000
1348,16.25977897644043,17.274999618530273,2012-08-21,17.299999237060547,17.235000610351562,17.274999618530273,5800
1349,16.203306198120117,17.21500015258789,2012-08-20,17.5,17.045000076293945,17.440000534057617,9800
1350,16.35390281677246,17.375,2012-08-17,17.5,16.829999923706055,16.895000457763672,45800
1351,15.991527557373047,16.989999771118164,2012-08-16,17.485000610351562,16.94499969482422,17.010000228881836,43400
1352,15.883286476135254,16.875,2012-08-15,17.415000915527344,16.7549991607666,17.415000915527344,15400
1353,16.43390655517578,17.459999084472656,2012-08-14,17.834999084472656,17.309999465942383,17.55500030517578,66600
1354,16.325664520263672,17.344999313354492,2012-08-13,18.385000228881836,17.155000686645508,17.670000076293945,47600
1355,16.537443161010742,17.56999969482422,2012-08-10,17.795000076293945,17.53499984741211,17.725000381469727,19800
1356,16.86216926574707,17.915000915527344,2012-08-09,18.375,17.735000610351562,18.149999618530273,20800
1357,17.026884078979492,18.09000015258789,2012-08-08,18.2450008392334,17.475000381469727,17.53499984741211,47000
1358,16.45743751525879,17.485000610351562,2012-08-07,17.575000762939453,16.649999618530273,16.649999618530273,28800
1359,14.951467514038086,15.885000228881836,2012-08-06,16.760000228881836,15.850000381469727,16.760000228881836,35000
1360,15.455025672912598,16.420000076293945,2012-08-03,16.420000076293945,15.864999771118164,15.864999771118164,22000
1361,14.589092254638672,15.5,2012-08-02,16.815000534057617,15.199999809265137,16.165000915527344,48200
1362,15.266778945922852,16.219999313354492,2012-08-01,16.829999923706055,16.219999313354492,16.829999923706055,13400
1363,15.991527557373047,16.989999771118164,2012-07-31,17.204999923706055,16.764999389648438,17.030000686645508,36400
1364,16.123300552368164,17.1299991607666,2012-07-30,17.395000457763672,16.979999542236328,17.020000457763672,7000
1365,15.949172019958496,16.94499969482422,2012-07-27,17.010000228881836,16.5,16.549999237060547,16200
1366,15.553854942321777,16.524999618530273,2012-07-26,16.524999618530273,16.405000686645508,16.405000686645508,5600
1367,15.177362442016602,16.125,2012-07-25,16.2450008392334,16.125,16.2450008392334,4200
1368,15.10206413269043,16.045000076293945,2012-07-24,16.229999542236328,16.0,16.229999542236328,7400
1369,15.398552894592285,16.360000610351562,2012-07-23,16.5,16.114999771118164,16.114999771118164,11600
1370,15.511499404907227,16.479999542236328,2012-07-20,16.53499984741211,16.290000915527344,16.290000915527344,11000
1371,15.356197357177734,16.315000534057617,2012-07-19,16.440000534057617,16.145000457763672,16.315000534057617,7800
1372,15.290310859680176,16.2450008392334,2012-07-18,16.434999465942383,16.010000228881836,16.434999465942383,5600
1373,15.464438438415527,16.43000030517578,2012-07-17,16.475000381469727,16.25,16.44499969482422,3200
1374,15.393845558166504,16.354999542236328,2012-07-16,16.485000610351562,16.114999771118164,16.315000534057617,5400
1375,15.530324935913086,16.5,2012-07-13,16.5,16.190000534057617,16.25,19400
1376,15.229130744934082,16.18000030517578,2012-07-12,16.25,16.094999313354492,16.094999313354492,12200
1377,15.186775207519531,16.135000228881836,2012-07-11,16.25,15.970000267028809,16.25,15800
1378,15.158537864685059,16.104999542236328,2012-07-10,16.114999771118164,15.899999618530273,16.030000686645508,8200
1379,15.031472206115723,15.970000267028809,2012-07-09,16.040000915527344,15.920000076293945,16.014999389648438,2000
1380,15.13500690460205,16.079999923706055,2012-07-06,16.165000915527344,15.880000114440918,15.9399995803833,6400
1381,15.172657012939453,16.1200008392334,2012-07-05,16.149999618530273,16.104999542236328,16.125,4000
1382,15.436201095581055,16.399999618530273,2012-07-03,16.399999618530273,16.059999465942383,16.344999313354492,10600
1383,15.426788330078125,16.389999389648438,2012-07-02,16.395000457763672,15.994999885559082,16.235000610351562,45200
1384,15.2244234085083,16.174999237060547,2012-06-29,16.40999984741211,15.895000457763672,16.40999984741211,22200
1385,15.167949676513672,16.114999771118164,2012-06-28,16.315000534057617,15.930000305175781,15.9350004196167,40000
1386,15.158537864685059,16.104999542236328,2012-06-27,16.104999542236328,15.949999809265137,16.010000228881836,5600
1387,15.172657012939453,16.1200008392334,2012-06-26,16.25,16.049999237060547,16.21500015258789,5200
1388,15.304429054260254,16.260000228881836,2012-06-25,16.565000534057617,16.03499984741211,16.3799991607666,36800
1389,15.709158897399902,16.690000534057617,2012-06-22,16.700000762939453,15.875,16.030000686645508,169600
1390,14.913818359375,15.845000267028809,2012-06-21,16.799999237060547,15.845000267028809,16.799999237060547,8800
1391,15.751514434814453,16.735000610351562,2012-06-20,17.059999465942383,16.485000610351562,16.795000076293945,24400
1392,15.775045394897461,16.760000228881836,2012-06-19,16.899999618530273,16.575000762939453,16.770000457763672,31600
1393,15.746807098388672,16.729999542236328,2012-06-18,16.940000534057617,16.56999969482422,16.770000457763672,14600
1394,15.803282737731934,16.790000915527344,2012-06-15,17.0,16.78499984741211,17.0,27800
1395,15.718571662902832,16.700000762939453,2012-06-14,16.75,16.125,16.125,16000
1396,15.177362442016602,16.125,2012-06-13,16.219999313354492,16.03499984741211,16.03499984741211,17400
1397,15.1397123336792,16.084999084472656,2012-06-12,16.125,15.774999618530273,15.90999984741211,21400
1398,14.847930908203125,15.774999618530273,2012-06-11,16.299999237060547,15.75,16.28499984741211,12400
1399,15.271486282348633,16.225000381469727,2012-06-08,16.225000381469727,15.96500015258789,16.165000915527344,6000
1400,15.229130744934082,16.18000030517578,2012-06-07,16.600000381469727,16.030000686645508,16.600000381469727,13400
1401,15.403258323669434,16.364999771118164,2012-06-06,16.364999771118164,15.960000038146973,15.960000038146973,16200
1402,14.918523788452148,15.850000381469727,2012-06-05,15.854999542236328,15.5,15.515000343322754,26200
1403,14.551443099975586,15.460000038146973,2012-06-04,15.579999923706055,15.039999961853027,15.255000114440918,15600
1404,14.353784561157227,15.25,2012-06-01,15.375,14.975000381469727,15.204999923706055,36600
1405,14.791458129882812,15.71500015258789,2012-05-31,15.984999656677246,15.71500015258789,15.850000381469727,19000
1406,14.918523788452148,15.850000381469727,2012-05-30,15.875,15.824999809265137,15.875,12400
1407,15.031472206115723,15.970000267028809,2012-05-29,16.045000076293945,15.885000228881836,16.024999618530273,12600
1408,14.951467514038086,15.885000228881836,2012-05-25,15.885000228881836,15.710000038146973,15.710000038146973,19400
1409,14.739689826965332,15.65999984741211,2012-05-24,15.729999542236328,15.515000343322754,15.729999542236328,16600
1410,14.683216094970703,15.600000381469727,2012-05-23,16.239999771118164,15.489999771118164,15.489999771118164,6600
1411,14.607917785644531,15.520000457763672,2012-05-22,16.045000076293945,15.475000381469727,15.670000076293945,17800
1412,14.758514404296875,15.680000305175781,2012-05-21,15.680000305175781,15.09000015258789,15.239999771118164,24400
1413,14.198481559753418,15.085000038146973,2012-05-18,15.104999542236328,14.779999732971191,15.010000228881836,9600
1414,14.146713256835938,15.029999732971191,2012-05-17,15.069999694824219,14.975000381469727,15.045000076293945,12600
1415,14.179656028747559,15.0649995803833,2012-05-16,15.324999809265137,15.005000114440918,15.324999809265137,4800
1416,14.31613540649414,15.210000038146973,2012-05-15,15.46500015258789,15.1850004196167,15.1850004196167,7400
1417,14.245543479919434,15.135000228881836,2012-05-14,15.1899995803833,14.654999732971191,14.8149995803833,15200
1418,14.151419639587402,15.03499984741211,2012-05-11,15.03499984741211,14.84000015258789,14.84000015258789,11400
1419,14.118476867675781,15.0,2012-05-10,15.069999694824219,14.800000190734863,14.904999732971191,32000
1420,13.920818328857422,14.789999961853027,2012-05-09,14.875,14.725000381469727,14.824999809265137,5400
1421,14.047884941101074,14.925000190734863,2012-05-08,15.0,14.604999542236328,14.604999542236328,16000
1422,13.774927139282227,14.635000228881836,2012-05-07,14.760000228881836,14.550000190734863,14.550000190734863,9400
1423,13.727865219116211,14.585000038146973,2012-05-04,14.760000228881836,14.585000038146973,14.744999885559082,10000
1424,13.972585678100586,14.845000267028809,2012-05-03,14.975000381469727,14.75,14.84000015258789,12000
1425,13.963173866271973,14.835000038146973,2012-05-02,14.970000267028809,14.600000381469727,14.970000267028809,10400
1426,13.727865219116211,14.585000038146973,2012-05-01,14.994999885559082,14.579999923706055,14.859999656677246,20000
1427,13.958467483520508,14.829999923706055,2012-04-30,15.020000457763672,14.795000076293945,15.020000457763672,6600
1428,14.22201156616211,15.109999656677246,2012-04-27,15.114999771118164,14.640000343322754,14.890000343322754,12800
1429,13.967880249023438,14.84000015258789,2012-04-26,15.095000267028809,14.795000076293945,14.9350004196167,34200
1430,14.02435302734375,14.899999618530273,2012-04-25,15.210000038146973,14.819999694824219,14.869999885559082,33000
1431,13.770220756530762,14.630000114440918,2012-04-24,14.819999694824219,14.579999923706055,14.645000457763672,35400
1432,13.709040641784668,14.5649995803833,2012-04-23,15.0,14.5,15.0,14400
1433,14.174951553344727,15.0600004196167,2012-04-20,15.555000305175781,14.944999694824219,15.555000305175781,39600
1434,14.104357719421387,14.984999656677246,2012-04-19,15.125,14.899999618530273,15.125,10400
1435,14.160832405090332,15.045000076293945,2012-04-18,15.079999923706055,15.0,15.010000228881836,6000
1436,14.306722640991211,15.199999809265137,2012-04-17,15.199999809265137,14.829999923706055,14.829999923706055,5200
1437,13.920818328857422,14.789999961853027,2012-04-16,14.850000381469727,14.524999618530273,14.53499984741211,6000
1438,13.779633522033691,14.640000343322754,2012-04-13,14.8100004196167,14.640000343322754,14.8100004196167,14600
1439,14.170245170593262,15.055000305175781,2012-04-12,15.085000038146973,14.875,14.890000343322754,10600
1440,14.005529403686523,14.880000114440918,2012-04-11,14.989999771118164,14.739999771118164,14.949999809265137,11000
1441,13.817282676696777,14.680000305175781,2012-04-10,15.324999809265137,14.680000305175781,15.324999809265137,50800
1442,14.123183250427246,15.005000114440918,2012-04-09,15.265000343322754,15.0,15.255000114440918,10400
1443,14.339666366577148,15.234999656677246,2012-04-05,15.699999809265137,15.125,15.550000190734863,41400
1444,14.720865249633789,15.640000343322754,2012-04-04,15.899999618530273,15.399999618530273,15.84000015258789,20600
1445,15.007940292358398,15.944999694824219,2012-04-03,16.135000228881836,15.850000381469727,16.045000076293945,24800
1446,15.04088306427002,15.979999542236328,2012-04-02,16.059999465942383,15.0,15.895000457763672,21000
1447,15.045589447021484,15.984999656677246,2012-03-30,16.469999313354492,15.890000343322754,16.469999313354492,30400
1448,15.332666397094727,16.290000915527344,2012-03-29,16.575000762939453,15.989999771118164,16.225000381469727,57000
1449,15.417375564575195,16.3799991607666,2012-03-28,16.454999923706055,16.155000686645508,16.274999618530273,11000
1450,15.422082901000977,16.385000228881836,2012-03-27,16.55500030517578,16.2549991607666,16.545000076293945,8400
1451,15.567975044250488,16.540000915527344,2012-03-26,16.735000610351562,16.46500015258789,16.735000610351562,10200
1452,15.506793975830078,16.475000381469727,2012-03-23,16.739999771118164,16.40999984741211,16.420000076293945,22800
1453,15.520912170410156,16.489999771118164,2012-03-22,16.825000762939453,16.334999084472656,16.7549991607666,42600
1454,15.855049133300781,16.844999313354492,2012-03-21,17.059999465942383,16.844999313354492,17.059999465942383,3400
1455,15.887991905212402,16.8799991607666,2012-03-20,17.045000076293945,16.635000228881836,16.75,7800
1456,15.977410316467285,16.975000381469727,2012-03-19,17.084999084472656,16.475000381469727,16.479999542236328,16600
1457,15.455025672912598,16.420000076293945,2012-03-16,16.4950008392334,15.895000457763672,16.049999237060547,26400
1458,15.149125099182129,16.094999313354492,2012-03-15,16.309999465942383,16.040000915527344,16.209999084472656,10600
1459,15.10206413269043,16.045000076293945,2012-03-14,16.170000076293945,15.9399995803833,15.954999923706055,4200
1460,15.026765823364258,15.96500015258789,2012-03-13,15.975000381469727,15.375,15.5,34400
1461,14.462026596069336,15.364999771118164,2012-03-12,15.449999809265137,15.359999656677246,15.380000114440918,5000
1462,14.584386825561523,15.494999885559082,2012-03-09,15.5,15.109999656677246,15.109999656677246,12400
1463,14.174951553344727,15.0600004196167,2012-03-08,15.125,14.6850004196167,14.864999771118164,8400
1464,13.854931831359863,14.720000267028809,2012-03-07,14.824999809265137,14.609999656677246,14.824999809265137,9600
1465,13.8878755569458,14.755000114440918,2012-03-06,14.819999694824219,14.510000228881836,14.569999694824219,17600
1466,13.859638214111328,14.725000381469727,2012-03-05,14.845000267028809,14.609999656677246,14.845000267028809,5800
1467,13.972585678100586,14.845000267028809,2012-03-02,15.755000114440918,14.78499984741211,15.755000114440918,30600
1468,14.819694519042969,15.744999885559082,2012-03-01,16.489999771118164,15.630000114440918,16.010000228881836,29200
1469,15.069121360778809,16.010000228881836,2012-02-29,16.485000610351562,15.9350004196167,16.18000030517578,33600
1470,15.247955322265625,16.200000762939453,2012-02-28,16.43000030517578,16.024999618530273,16.364999771118164,18200
1471,15.389140129089355,16.350000381469727,2012-02-27,16.6200008392334,16.2549991607666,16.6200008392334,5400
1472,15.59150505065918,16.565000534057617,2012-02-24,16.709999084472656,16.530000686645508,16.530000686645508,9800
1473,15.511499404907227,16.479999542236328,2012-02-23,16.479999542236328,16.2450008392334,16.46500015258789,6800
1474,15.318547248840332,16.274999618530273,2012-02-22,16.5049991607666,16.274999618530273,16.4950008392334,5800
1475,15.403258323669434,16.364999771118164,2012-02-21,16.584999084472656,16.235000610351562,16.514999389648438,12200
1476,15.544442176818848,16.514999389648438,2012-02-17,16.530000686645508,16.405000686645508,16.530000686645508,13200
1477,15.511499404907227,16.479999542236328,2012-02-16,16.489999771118164,16.280000686645508,16.280000686645508,7600
1478,15.219717979431152,16.170000076293945,2012-02-15,16.4950008392334,16.094999313354492,16.4950008392334,14600
1479,15.407964706420898,16.3700008392334,2012-02-14,16.684999465942383,16.28499984741211,16.684999465942383,34400
1480,15.737395286560059,16.719999313354492,2012-02-13,16.7450008392334,16.5049991607666,16.69499969482422,30600
1481,15.558562278747559,16.530000686645508,2012-02-10,16.75,16.514999389648438,16.700000762939453,13600
1482,15.831518173217773,16.81999969482422,2012-02-09,17.0,16.600000381469727,16.610000610351562,54800
1483,15.596210479736328,16.56999969482422,2012-02-08,16.584999084472656,16.200000762939453,16.405000686645508,50200
1484,15.436201095581055,16.399999618530273,2012-02-07,16.5,16.135000228881836,16.270000457763672,25200
1485,15.313841819763184,16.270000457763672,2012-02-06,16.28499984741211,15.789999961853027,15.859999656677246,22600
1486,14.749102592468262,15.670000076293945,2012-02-03,15.675000190734863,14.949999809265137,15.53499984741211,28600
1487,14.433789253234863,15.335000038146973,2012-02-02,15.364999771118164,14.925000190734863,14.925000190734863,14200
1488,14.090240478515625,14.970000267028809,2012-02-01,14.984999656677246,14.289999961853027,14.399999618530273,67800
1489,13.421965599060059,14.260000228881836,2012-01-31,14.319999694824219,13.90999984741211,14.130000114440918,87200
1490,13.276073455810547,14.104999542236328,2012-01-30,14.375,14.050000190734863,14.375,25600
1491,13.666686058044434,14.520000457763672,2012-01-27,15.529999732971191,14.279999732971191,15.484999656677246,174000
1492,14.631447792053223,15.545000076293945,2012-01-26,15.704999923706055,15.300000190734863,15.585000038146973,17600
1493,14.490263938903809,15.395000457763672,2012-01-25,15.640000343322754,15.085000038146973,15.545000076293945,24400
1494,14.631447792053223,15.545000076293945,2012-01-24,15.585000038146973,15.204999923706055,15.204999923706055,23400
1495,14.462026596069336,15.364999771118164,2012-01-23,15.454999923706055,15.175000190734863,15.289999961853027,7800
1496,14.320841789245605,15.21500015258789,2012-01-20,15.375,15.079999923706055,15.09000015258789,34000
1497,14.179656028747559,15.0649995803833,2012-01-19,15.119999885559082,14.350000381469727,14.904999732971191,11000
1498,14.038472175598145,14.914999961853027,2012-01-18,14.994999885559082,14.050000190734863,14.09000015258789,94000
1499,13.304311752319336,14.135000228881836,2012-01-17,14.220000267028809,13.774999618530273,13.854999542236328,58000
1500,12.8242826461792,13.625,2012-01-13,14.0649995803833,13.545000076293945,13.569999694824219,31400
1501,12.923111915588379,13.729999542236328,2012-01-12,13.770000457763672,13.204999923706055,13.555000305175781,84600
1502,12.654861450195312,13.444999694824219,2012-01-11,13.550000190734863,13.175000190734863,13.380000114440918,28000
1503,12.63603687286377,13.425000190734863,2012-01-10,13.5600004196167,13.305000305175781,13.354999542236328,83600
1504,12.443084716796875,13.220000267028809,2012-01-09,13.9350004196167,13.149999618530273,13.795000076293945,49200
1505,12.899581909179688,13.704999923706055,2012-01-06,13.925000190734863,13.680000305175781,13.71500015258789,51800
1506,13.01723575592041,13.829999923706055,2012-01-05,13.930000305175781,13.71500015258789,13.795000076293945,13000
1507,13.064297676086426,13.880000114440918,2012-01-04,13.975000381469727,13.880000114440918,13.880000114440918,7400
1508,13.196069717407227,14.020000457763672,2012-01-03,14.375,13.819999694824219,14.375,74600
1509,13.3090181350708,14.140000343322754,2011-12-30,14.345000267028809,13.84000015258789,13.84000015258789,41600
1510,13.243130683898926,14.069999694824219,2011-12-29,14.069999694824219,13.630000114440918,13.630000114440918,9600
1511,13.031353950500488,13.845000267028809,2011-12-28,14.270000457763672,13.845000267028809,14.175000190734863,6200
1512,13.313724517822266,14.145000457763672,2011-12-27,14.220000267028809,13.925000190734863,14.149999618530273,15800
1513,13.45490837097168,14.295000076293945,2011-12-23,14.350000381469727,13.789999961853027,13.925000190734863,39000
1514,13.106653213500977,13.925000190734863,2011-12-22,14.109999656677246,13.8149995803833,14.079999923706055,9200
1515,13.25724983215332,14.085000038146973,2011-12-21,14.6899995803833,14.050000190734863,14.135000228881836,21400
1516,13.313724517822266,14.145000457763672,2011-12-20,14.5,13.859999656677246,14.229999542236328,66000
1517,13.177245140075684,14.0,2011-12-19,14.244999885559082,14.0,14.244999885559082,17800
1518,13.271368980407715,14.100000381469727,2011-12-16,14.25,14.005000114440918,14.229999542236328,35600
1519,13.299605369567871,14.130000114440918,2011-12-15,14.25,13.920000076293945,14.25,11800
1520,13.351373672485352,14.1850004196167,2011-12-14,14.244999885559082,13.800000190734863,13.90999984741211,16600
1521,13.11606502532959,13.9350004196167,2011-12-13,14.25,13.9350004196167,14.220000267028809,22600
1522,13.299605369567871,14.130000114440918,2011-12-12,14.319999694824219,14.050000190734863,14.305000305175781,11400
1523,13.558444023132324,14.404999732971191,2011-12-09,14.5600004196167,13.524999618530273,13.524999618530273,30400
1524,12.781928062438965,13.579999923706055,2011-12-08,14.109999656677246,13.449999809265137,13.520000457763672,24400
1525,12.847813606262207,13.649999618530273,2011-12-07,14.15999984741211,13.015000343322754,14.15999984741211,21600
1526,13.327841758728027,14.15999984741211,2011-12-06,14.170000076293945,14.015000343322754,14.015000343322754,6400
1527,13.3560791015625,14.1899995803833,2011-12-05,14.260000228881836,13.84000015258789,14.1899995803833,22000
1528,13.177245140075684,14.0,2011-12-02,14.119999885559082,13.994999885559082,14.024999618530273,10400
1529,13.064297676086426,13.880000114440918,2011-12-01,14.140000343322754,13.770000457763672,13.835000038146973,15000
1530,13.069003105163574,13.885000228881836,2011-11-30,13.885000228881836,13.6850004196167,13.869999885559082,29400
1531,12.565444946289062,13.350000381469727,2011-11-29,13.505000114440918,13.350000381469727,13.375,7200
1532,12.560738563537598,13.345000267028809,2011-11-28,13.420000076293945,13.09000015258789,13.3100004196167,19200
1533,12.18895149230957,12.949999809265137,2011-11-25,13.125,12.880000114440918,13.125,42200
1534,12.353667259216309,13.125,2011-11-23,13.494999885559082,13.125,13.359999656677246,14800
1535,12.607800483703613,13.395000457763672,2011-11-22,13.710000038146973,13.395000457763672,13.710000038146973,3600
1536,12.87605094909668,13.680000305175781,2011-11-21,13.779999732971191,13.625,13.625,7400
1537,13.045472145080566,13.859999656677246,2011-11-18,13.960000038146973,13.725000381469727,13.914999961853027,12600
1538,13.097240447998047,13.914999961853027,2011-11-17,14.119999885559082,13.904999732971191,14.050000190734863,10200
1539,13.2243070602417,14.050000190734863,2011-11-16,14.5,13.84000015258789,14.005000114440918,21800
1540,13.078415870666504,13.895000457763672,2011-11-15,13.895000457763672,13.3100004196167,13.5649995803833,24800
1541,12.6454496383667,13.4350004196167,2011-11-14,13.760000228881836,13.380000114440918,13.760000228881836,22600
1542,13.167832374572754,13.989999771118164,2011-11-11,14.029999732971191,13.720000267028809,13.720000267028809,19200
1543,12.692510604858398,13.484999656677246,2011-11-10,13.484999656677246,13.170000076293945,13.244999885559082,18800
1544,12.476027488708496,13.255000114440918,2011-11-09,14.1850004196167,13.15999984741211,13.800000190734863,31400
1545,13.4031400680542,14.239999771118164,2011-11-08,14.244999885559082,13.824999809265137,14.114999771118164,35200
1546,13.24783706665039,14.074999809265137,2011-11-07,14.074999809265137,13.5600004196167,13.675000190734863,14600
1547,13.196069717407227,14.020000457763672,2011-11-04,14.039999961853027,13.699999809265137,13.9399995803833,14600
1548,13.304311752319336,14.135000228881836,2011-11-03,14.135000228881836,13.800000190734863,13.800000190734863,19800
1549,13.059591293334961,13.875,2011-11-02,13.885000228881836,13.635000228881836,13.8149995803833,24200
1550,12.739572525024414,13.53499984741211,2011-11-01,13.890000343322754,13.149999618530273,13.149999618530273,26200
1551,12.781928062438965,13.579999923706055,2011-10-31,14.050000190734863,13.53499984741211,13.704999923706055,41400
1552,13.120770454406738,13.9399995803833,2011-10-28,13.944999694824219,13.25,13.25,27200
1553,12.81957721710205,13.619999885559082,2011-10-27,13.649999618530273,13.234999656677246,13.649999618530273,362800
1554,12.588974952697754,13.375,2011-10-26,13.420000076293945,12.859999656677246,13.420000076293945,12000
1555,12.391316413879395,13.164999961853027,2011-10-25,13.425000190734863,13.055000305175781,13.0600004196167,14400
1556,12.631330490112305,13.420000076293945,2011-10-24,13.420000076293945,12.744999885559082,12.75,9400
1557,12.316018104553223,13.085000038146973,2011-10-21,13.210000038146973,12.539999961853027,12.9350004196167,23400
1558,11.920700073242188,12.664999961853027,2011-10-20,12.875,12.664999961853027,12.729999542236328,16800
1559,12.043061256408691,12.795000076293945,2011-10-19,13.494999885559082,12.774999618530273,13.28499984741211,21600
1560,12.598387718200684,13.385000228881836,2011-10-18,13.5,12.880000114440918,13.114999771118164,29200
1561,12.24071979522705,13.005000114440918,2011-10-17,13.550000190734863,12.9399995803833,13.550000190734863,117800
1562,12.810164451599121,13.609999656677246,2011-10-14,13.704999923706055,12.899999618530273,13.100000381469727,21600
1563,12.231307029724121,12.994999885559082,2011-10-13,13.1899995803833,12.619999885559082,12.65999984741211,18200
1564,12.033648490905762,12.78499984741211,2011-10-12,12.789999961853027,12.270000457763672,12.270000457763672,25400
1565,11.56773853302002,12.289999961853027,2011-10-11,12.34000015258789,11.864999771118164,11.864999771118164,117000
1566,11.200657844543457,11.899999618530273,2011-10-10,11.90999984741211,11.75,11.835000038146973,31800
1567,10.937112808227539,11.619999885559082,2011-10-07,11.904999732971191,11.574999809265137,11.805000305175781,27200
1568,11.125359535217285,11.819999694824219,2011-10-06,11.979999542236328,11.760000228881836,11.979999542236328,22400
1569,11.243013381958008,11.944999694824219,2011-10-05,12.25,11.774999618530273,12.25,34400
1570,11.506559371948242,12.225000381469727,2011-10-04,12.260000228881836,11.5,11.59000015258789,40800
1571,11.002999305725098,11.6899995803833,2011-10-03,12.234999656677246,11.680000305175781,12.225000381469727,32600
1572,11.61009407043457,12.335000038146973,2011-09-30,12.369999885559082,12.029999732971191,12.029999732971191,13200
1573,11.403022766113281,12.114999771118164,2011-09-29,12.460000038146973,11.899999618530273,12.385000228881836,19200
1574,11.487733840942383,12.204999923706055,2011-09-28,12.539999961853027,12.204999923706055,12.539999961853027,19200
1575,11.854814529418945,12.595000267028809,2011-09-27,12.75,12.199999809265137,12.229999542236328,24600
1576,11.374786376953125,12.085000038146973,2011-09-26,12.085000038146973,11.699999809265137,11.71500015258789,356400
1577,10.93240737915039,11.614999771118164,2011-09-23,11.734999656677246,11.149999618530273,11.255000114440918,16800
1578,10.522972106933594,11.180000305175781,2011-09-22,11.755000114440918,11.175000190734863,11.25,33000
1579,10.668862342834473,11.335000038146973,2011-09-21,11.770000457763672,11.274999618530273,11.744999885559082,24000
1580,11.078298568725586,11.770000457763672,2011-09-20,12.34000015258789,11.770000457763672,12.005000114440918,15200
1581,11.247719764709473,11.949999809265137,2011-09-19,12.145000457763672,11.789999961853027,12.145000457763672,23800
1582,11.61009407043457,12.335000038146973,2011-09-16,12.59000015258789,12.145000457763672,12.494999885559082,32400
1583,11.586564064025879,12.3100004196167,2011-09-15,12.640000343322754,12.295000076293945,12.5,33000
1584,11.746572494506836,12.479999542236328,2011-09-14,12.59000015258789,11.795000076293945,12.444999694824219,37200
1585,11.595974922180176,12.319999694824219,2011-09-13,12.335000038146973,11.619999885559082,11.619999885559082,29800
1586,10.861814498901367,11.539999961853027,2011-09-12,11.569999694824219,11.4399995803833,11.4399995803833,10200
1587,10.847696304321289,11.524999618530273,2011-09-09,11.805000305175781,11.380000114440918,11.744999885559082,20000
1588,11.111241340637207,11.805000305175781,2011-09-08,12.229999542236328,11.805000305175781,11.914999961853027,15600
1589,11.280662536621094,11.984999656677246,2011-09-07,12.114999771118164,11.454999923706055,11.6899995803833,31000
1590,10.7723970413208,11.444999694824219,2011-09-06,11.845000267028809,11.25,11.25,43800
1591,10.73945426940918,11.40999984741211,2011-09-02,11.770000457763672,11.385000228881836,11.770000457763672,32400
1592,11.205364227294922,11.904999732971191,2011-09-01,12.470000267028809,11.880000114440918,12.395000457763672,18400
1593,11.84069538116455,12.579999923706055,2011-08-31,12.800000190734863,12.324999809265137,12.649999618530273,20600
1594,12.019530296325684,12.770000457763672,2011-08-30,12.850000381469727,12.609999656677246,12.609999656677246,18000
1595,11.967761993408203,12.71500015258789,2011-08-29,12.720000267028809,12.234999656677246,12.425000190734863,28200
1596,11.643036842346191,12.369999885559082,2011-08-26,12.430000305175781,12.069999694824219,12.274999618530273,23000
1597,11.60068130493164,12.324999809265137,2011-08-25,12.864999771118164,12.324999809265137,12.824999809265137,24000
1598,11.977174758911133,12.725000381469727,2011-08-24,12.725000381469727,12.3149995803833,12.414999961853027,17200
1599,11.741867065429688,12.475000381469727,2011-08-23,12.479999542236328,11.71500015258789,11.71500015258789,32600
1600,11.083003997802734,11.774999618530273,2011-08-22,11.96500015258789,11.699999809265137,11.96500015258789,12200
1601,10.970056533813477,11.654999732971191,2011-08-19,11.9399995803833,11.574999809265137,11.59000015258789,21000
1602,10.847696304321289,11.524999618530273,2011-08-18,12.4399995803833,11.5,12.244999885559082,54200
1603,11.643036842346191,12.369999885559082,2011-08-17,12.524999618530273,11.699999809265137,11.699999809265137,38600
1604,10.80063533782959,11.475000381469727,2011-08-16,11.694999694824219,11.369999885559082,11.505000114440918,80600
1605,10.899463653564453,11.579999923706055,2011-08-15,11.704999923706055,11.505000114440918,11.704999923706055,31600
1606,10.847696304321289,11.524999618530273,2011-08-12,12.149999618530273,11.524999618530273,12.140000343322754,45400
1607,11.426554679870605,12.140000343322754,2011-08-11,12.425000190734863,12.0,12.074999809265137,48400
1608,11.31831169128418,12.024999618530273,2011-08-10,12.614999771118164,12.024999618530273,12.614999771118164,27600
1609,12.05717945098877,12.8100004196167,2011-08-09,14.0,11.885000228881836,12.265000343322754,36000
1610,11.308899879455566,12.015000343322754,2011-08-08,12.350000381469727,12.005000114440918,12.140000343322754,34600
1611,11.741867065429688,12.475000381469727,2011-08-05,13.244999885559082,12.024999618530273,13.244999885559082,86400
1612,12.730159759521484,13.524999618530273,2011-08-04,13.994999885559082,13.350000381469727,13.6850004196167,40200
1613,13.02664852142334,13.84000015258789,2011-08-03,13.994999885559082,13.265000343322754,13.729999542236328,20600
1614,12.852519989013672,13.654999732971191,2011-08-02,13.960000038146973,13.210000038146973,13.505000114440918,42200
1615,12.744277954101562,13.539999961853027,2011-08-01,13.904999732971191,13.300000190734863,13.460000038146973,46600
1616,12.485440254211426,13.265000343322754,2011-07-29,13.789999961853027,13.1899995803833,13.470000267028809,36800
1617,12.833695411682129,13.635000228881836,2011-07-28,13.805000305175781,13.130000114440918,13.130000114440918,23200
1618,12.485440254211426,13.265000343322754,2011-07-27,13.619999885559082,13.114999771118164,13.619999885559082,30000
1619,12.81957721710205,13.619999885559082,2011-07-26,13.949999809265137,13.444999694824219,13.949999809265137,15000
1620,13.149008750915527,13.970000267028809,2011-07-25,13.994999885559082,13.850000381469727,13.885000228881836,20200
1621,13.054884910583496,13.869999885559082,2011-07-22,14.0,13.78499984741211,13.979999542236328,59400
1622,13.130183219909668,13.949999809265137,2011-07-21,14.0,13.725000381469727,13.994999885559082,41600
1623,13.050178527832031,13.864999771118164,2011-07-20,13.994999885559082,13.225000381469727,13.430000305175781,25000
1624,12.631330490112305,13.420000076293945,2011-07-19,13.569999694824219,13.335000038146973,13.449999809265137,39400
1625,12.650155067443848,13.4399995803833,2011-07-18,13.529999732971191,13.005000114440918,13.005000114440918,16600
1626,12.311311721801758,13.079999923706055,2011-07-15,13.375,12.859999656677246,13.364999771118164,36400
1627,12.457201957702637,13.234999656677246,2011-07-14,13.65999984741211,13.170000076293945,13.65999984741211,31600
1628,12.706628799438477,13.5,2011-07-13,13.699999809265137,13.364999771118164,13.489999771118164,30800
1629,12.8242826461792,13.625,2011-07-12,13.755000114440918,13.395000457763672,13.524999618530273,68600
1630,12.847813606262207,13.649999618530273,2011-07-11,13.725000381469727,13.449999809265137,13.449999809265137,22800
1631,12.838401794433594,13.640000343322754,2011-07-08,13.725000381469727,13.319999694824219,13.53499984741211,14800
1632,12.9089937210083,13.71500015258789,2011-07-07,13.774999618530273,13.524999618530273,13.670000076293945,30600
1633,12.697216987609863,13.489999771118164,2011-07-06,13.595000267028809,13.345000267028809,13.5,27400
1634,12.786633491516113,13.585000038146973,2011-07-05,13.635000228881836,12.9399995803833,13.255000114440918,30600
1635,12.556032180786133,13.34000015258789,2011-07-01,13.585000038146973,13.005000114440918,13.244999885559082,28600
1636,12.443084716796875,13.220000267028809,2011-06-30,13.725000381469727,12.885000228881836,12.989999771118164,26000
1637,12.174833297729492,12.9350004196167,2011-06-29,13.024999618530273,12.774999618530273,12.994999885559082,22400
1638,12.165421485900879,12.925000190734863,2011-06-28,13.0649995803833,12.579999923706055,12.579999923706055,28000
1639,11.835989952087402,12.574999809265137,2011-06-27,12.760000228881836,12.425000190734863,12.425000190734863,54600
1640,11.765397071838379,12.5,2011-06-24,12.539999961853027,11.654999732971191,11.925000190734863,236200
1641,11.181833267211914,11.880000114440918,2011-06-23,12.0,11.699999809265137,11.904999732971191,31000
1642,11.332430839538574,12.039999961853027,2011-06-22,12.175000190734863,11.869999885559082,12.039999961853027,14600
1643,11.450084686279297,12.164999961853027,2011-06-21,12.175000190734863,11.53499984741211,11.975000381469727,17600
1644,11.153596878051758,11.850000381469727,2011-06-20,11.954999923706055,11.8100004196167,11.954999923706055,16600
1645,11.313606262207031,12.020000457763672,2011-06-17,12.069999694824219,11.925000190734863,11.994999885559082,43800
1646,11.181833267211914,11.880000114440918,2011-06-16,11.975000381469727,11.515000343322754,11.515000343322754,37200
1647,10.852402687072754,11.529999732971191,2011-06-15,11.9399995803833,11.354999542236328,11.845000267028809,104200
1648,11.31831169128418,12.024999618530273,2011-06-14,12.095000267028809,11.954999923706055,12.050000190734863,24400
1649,11.252426147460938,11.954999923706055,2011-06-13,12.050000190734863,11.954999923706055,12.0,47200
1650,11.290075302124023,11.994999885559082,2011-06-10,12.029999732971191,11.805000305175781,11.994999885559082,34600
1651,11.332430839538574,12.039999961853027,2011-06-09,12.125,11.529999732971191,12.005000114440918,145800
1652,11.657155990600586,12.385000228881836,2011-06-08,12.579999923706055,12.359999656677246,12.475000381469727,20000
1653,11.788928031921387,12.524999618530273,2011-06-07,12.604999542236328,12.1899995803833,12.194999694824219,23200
1654,11.398316383361816,12.109999656677246,2011-06-06,12.324999809265137,12.079999923706055,12.229999542236328,75600
1655,11.55832576751709,12.279999732971191,2011-06-03,12.5,12.279999732971191,12.4350004196167,66000
1656,11.887757301330566,12.630000114440918,2011-06-02,12.6899995803833,12.4350004196167,12.640000343322754,44800
1657,11.883050918579102,12.625,2011-06-01,13.085000038146973,12.625,13.085000038146973,54000
1658,12.367786407470703,13.140000343322754,2011-05-31,13.199999809265137,13.050000190734863,13.180000305175781,34000
1659,12.283075332641602,13.050000190734863,2011-05-27,13.145000457763672,12.975000381469727,13.125,17200
1660,12.287781715393066,13.055000305175781,2011-05-26,13.085000038146973,12.9399995803833,13.020000457763672,14600
1661,12.316018104553223,13.085000038146973,2011-05-25,13.125,12.9399995803833,13.020000457763672,100400
1662,11.70892333984375,12.4399995803833,2011-05-24,12.680000305175781,12.420000076293945,12.680000305175781,32000
1663,11.90658187866211,12.649999618530273,2011-05-23,13.510000228881836,12.625,12.765000343322754,34000
1664,12.174833297729492,12.9350004196167,2011-05-20,13.079999923706055,12.925000190734863,13.010000228881836,15600
1665,12.316018104553223,13.085000038146973,2011-05-19,13.149999618530273,12.914999961853027,12.914999961853027,55200
1666,12.09012222290039,12.845000267028809,2011-05-18,12.954999923706055,12.704999923706055,12.920000076293945,50200
1667,12.141889572143555,12.899999618530273,2011-05-17,13.125,12.880000114440918,12.925000190734863,17000
1668,12.203070640563965,12.96500015258789,2011-05-16,13.265000343322754,12.779999732971191,12.914999961853027,22400
1669,12.245426177978516,13.010000228881836,2011-05-13,13.289999961853027,13.0,13.175000190734863,34000
1670,12.363080024719238,13.135000228881836,2011-05-12,13.145000457763672,12.954999923706055,12.989999771118164,45000
1671,12.283075332641602,13.050000190734863,2011-05-11,13.135000228881836,13.0,13.114999771118164,28000
1672,12.49014663696289,13.270000457763672,2011-05-10,13.270000457763672,13.104999542236328,13.175000190734863,30400
1673,12.377197265625,13.149999618530273,2011-05-09,13.149999618530273,12.975000381469727,13.125,58000
1674,12.400729179382324,13.175000190734863,2011-05-06,13.375,13.100000381469727,13.375,26000
1675,12.39602279663086,13.170000076293945,2011-05-05,13.385000228881836,13.135000228881836,13.260000228881836,24600
1676,12.513676643371582,13.295000076293945,2011-05-04,13.579999923706055,13.145000457763672,13.579999923706055,91600
1677,12.758397102355957,13.555000305175781,2011-05-03,13.6850004196167,13.5,13.680000305175781,32000
1678,12.885462760925293,13.6899995803833,2011-05-02,13.944999694824219,13.670000076293945,13.890000343322754,16800
1679,13.012529373168945,13.824999809265137,2011-04-29,13.829999923706055,13.699999809265137,13.704999923706055,12400
1680,12.913700103759766,13.720000267028809,2011-04-28,13.755000114440918,13.654999732971191,13.75,15000
1681,13.01723575592041,13.829999923706055,2011-04-27,13.914999961853027,13.550000190734863,13.600000381469727,7000
1682,12.763103485107422,13.5600004196167,2011-04-26,13.609999656677246,13.484999656677246,13.484999656677246,10000
1683,12.63603687286377,13.425000190734863,2011-04-25,13.479999542236328,13.425000190734863,13.4399995803833,14600
1684,12.687804222106934,13.479999542236328,2011-04-21,13.600000381469727,13.475000381469727,13.484999656677246,20600
1685,12.701922416687012,13.494999885559082,2011-04-20,13.649999618530273,13.395000457763672,13.649999618530273,26000
1686,12.659567832946777,13.449999809265137,2011-04-19,13.640000343322754,13.449999809265137,13.555000305175781,37000
1687,12.683098793029785,13.475000381469727,2011-04-18,13.524999618530273,13.399999618530273,13.399999618530273,7400
1688,12.791339874267578,13.59000015258789,2011-04-15,13.760000228881836,13.420000076293945,13.71500015258789,23200
1689,12.847813606262207,13.649999618530273,2011-04-14,13.760000228881836,13.550000190734863,13.550000190734863,12000
1690,12.894875526428223,13.699999809265137,2011-04-13,14.229999542236328,13.59000015258789,14.229999542236328,46200
1691,13.26666259765625,14.095000267028809,2011-04-12,14.1899995803833,13.949999809265137,14.109999656677246,22000
1692,13.149008750915527,13.970000267028809,2011-04-11,14.170000076293945,13.954999923706055,14.109999656677246,20000
1693,13.243130683898926,14.069999694824219,2011-04-08,14.114999771118164,13.9350004196167,14.045000076293945,43400
1694,13.172538757324219,13.994999885559082,2011-04-07,14.0649995803833,13.869999885559082,13.890000343322754,34800
1695,12.97488021850586,13.78499984741211,2011-04-06,13.835000038146973,13.619999885559082,13.645000457763672,14400
1696,12.720747947692871,13.515000343322754,2011-04-05,13.6850004196167,13.479999542236328,13.479999542236328,21200
1697,12.697216987609863,13.489999771118164,2011-04-04,13.664999961853027,13.350000381469727,13.625,85600
1698,12.730159759521484,13.524999618530273,2011-04-01,13.614999771118164,13.4399995803833,13.4399995803833,55000
1699,12.523089408874512,13.305000305175781,2011-03-31,13.555000305175781,13.300000190734863,13.555000305175781,58400
1700,12.711335182189941,13.505000114440918,2011-03-30,13.635000228881836,13.25,13.305000305175781,11600
1701,12.33484172821045,13.104999542236328,2011-03-29,13.305000305175781,12.850000381469727,12.850000381469727,35800
1702,12.118359565734863,12.875,2011-03-28,12.960000038146973,12.625,12.670000076293945,38000
1703,12.094828605651855,12.850000381469727,2011-03-25,13.600000381469727,12.845000267028809,13.404999732971191,35800
1704,12.588974952697754,13.375,2011-03-24,13.390000343322754,13.15999984741211,13.15999984741211,35200
1705,12.358373641967773,13.130000114440918,2011-03-23,13.21500015258789,12.960000038146973,12.960000038146973,19200
1706,12.193657875061035,12.954999923706055,2011-03-22,13.180000305175781,12.954999923706055,13.180000305175781,18200
1707,12.367786407470703,13.140000343322754,2011-03-21,13.229999542236328,12.824999809265137,13.095000267028809,95400
1708,12.104240417480469,12.859999656677246,2011-03-18,12.975000381469727,12.720000267028809,12.975000381469727,74600
1709,12.09012222290039,12.845000267028809,2011-03-17,13.015000343322754,12.675000190734863,12.989999771118164,26000
1710,12.033648490905762,12.78499984741211,2011-03-16,12.930000305175781,12.645000457763672,12.930000305175781,16000
1711,12.18895149230957,12.949999809265137,2011-03-15,13.020000457763672,12.1850004196167,12.5649995803833,31600
1712,12.1983642578125,12.960000038146973,2011-03-14,13.289999961853027,12.774999618530273,13.28499984741211,50400
1713,12.508970260620117,13.289999961853027,2011-03-11,13.489999771118164,13.25,13.25,18400
1714,12.504263877868652,13.28499984741211,2011-03-10,13.8100004196167,13.28499984741211,13.800000190734863,29400
1715,13.196069717407227,14.020000457763672,2011-03-09,14.225000381469727,13.920000076293945,14.0,19800
1716,13.163125991821289,13.984999656677246,2011-03-08,14.039999961853027,13.354999542236328,13.475000381469727,18000
1717,12.617212295532227,13.404999732971191,2011-03-07,14.095000267028809,13.395000457763672,14.095000267028809,25000
1718,13.196069717407227,14.020000457763672,2011-03-04,14.244999885559082,13.970000267028809,14.045000076293945,16600
1719,13.280779838562012,14.109999656677246,2011-03-03,14.130000114440918,13.65999984741211,13.65999984741211,24600
1720,12.76780891418457,13.5649995803833,2011-03-02,13.625,13.21500015258789,13.524999618530273,17600
1721,12.697216987609863,13.489999771118164,2011-03-01,14.289999961853027,13.399999618530273,14.1899995803833,36200
1722,13.374903678894043,14.210000038146973,2011-02-28,14.324999809265137,14.055000305175781,14.140000343322754,41800
1723,13.158419609069824,13.979999542236328,2011-02-25,14.024999618530273,13.079999923706055,13.079999923706055,57600
1724,12.353667259216309,13.125,2011-02-24,13.125,12.755000114440918,12.800000190734863,43200
1725,12.061884880065918,12.8149995803833,2011-02-23,13.555000305175781,12.6899995803833,13.550000190734863,130200
1726,12.673686027526855,13.46500015258789,2011-02-22,14.28499984741211,13.46500015258789,14.28499984741211,41000
1727,13.619624137878418,14.470000267028809,2011-02-18,14.770000457763672,14.345000267028809,14.770000457763672,27400
1728,13.83610725402832,14.699999809265137,2011-02-17,14.829999923706055,14.645000457763672,14.670000076293945,29800
1729,13.906699180603027,14.774999618530273,2011-02-16,14.789999961853027,14.625,14.739999771118164,18600
1730,13.869050025939941,14.734999656677246,2011-02-15,14.9399995803833,14.345000267028809,14.40999984741211,24800
1731,14.094945907592773,14.975000381469727,2011-02-14,15.175000190734863,14.385000228881836,15.175000190734863,92200
1732,13.271368980407715,14.100000381469727,2011-02-11,14.109999656677246,13.954999923706055,14.055000305175781,18000
1733,13.2243070602417,14.050000190734863,2011-02-10,14.25,13.970000267028809,14.050000190734863,48000
1734,13.210187911987305,14.03499984741211,2011-02-09,14.074999809265137,13.864999771118164,13.864999771118164,46800
1735,13.134889602661133,13.954999923706055,2011-02-08,14.239999771118164,13.524999618530273,13.625,97400
1736,12.9089937210083,13.71500015258789,2011-02-07,13.850000381469727,13.5,13.524999618530273,76200
1737,12.706628799438477,13.5,2011-02-04,14.470000267028809,13.09000015258789,14.045000076293945,117800
1738,12.212482452392578,12.975000381469727,2011-02-03,13.045000076293945,12.920000076293945,13.045000076293945,29600
1739,12.245426177978516,13.010000228881836,2011-02-02,13.09000015258789,13.0,13.024999618530273,15800
1740,12.344254493713379,13.114999771118164,2011-02-01,13.25,12.854999542236328,13.0,66200
1741,12.160715103149414,12.920000076293945,2011-01-31,13.0,12.404999732971191,12.404999732971191,83600
1742,11.553619384765625,12.274999618530273,2011-01-28,12.710000038146973,12.274999618530273,12.710000038146973,13600
1743,12.005411148071289,12.755000114440918,2011-01-27,12.770000457763672,12.364999771118164,12.369999885559082,22200
1744,11.765397071838379,12.5,2011-01-26,12.649999618530273,12.454999923706055,12.529999732971191,25400
1745,11.70892333984375,12.4399995803833,2011-01-25,12.4399995803833,12.100000381469727,12.114999771118164,11800
1746,11.393610000610352,12.104999542236328,2011-01-24,12.229999542236328,12.0600004196167,12.194999694824219,13600
1747,11.440671920776367,12.154999732971191,2011-01-21,12.260000228881836,12.145000457763672,12.25,16000
1748,11.464203834533691,12.180000305175781,2011-01-20,12.295000076293945,12.104999542236328,12.220000267028809,30600
1749,11.497146606445312,12.21500015258789,2011-01-19,12.630000114440918,11.979999542236328,12.595000267028809,34200
1750,11.84069538116455,12.579999923706055,2011-01-18,12.850000381469727,12.579999923706055,12.710000038146973,65400
1751,12.019530296325684,12.770000457763672,2011-01-14,12.770000457763672,12.539999961853027,12.539999961853027,37200
1752,11.765397071838379,12.5,2011-01-13,12.569999694824219,12.199999809265137,12.199999809265137,19600
1753,11.699511528015137,12.430000305175781,2011-01-12,12.604999542236328,12.369999885559082,12.604999542236328,8600
1754,11.760690689086914,12.494999885559082,2011-01-11,12.739999771118164,12.399999618530273,12.449999809265137,93000
1755,11.694805145263672,12.425000190734863,2011-01-10,12.4350004196167,12.350000381469727,12.430000305175781,16400
1756,11.713629722595215,12.444999694824219,2011-01-07,12.444999694824219,12.324999809265137,12.345000267028809,8800
1757,11.57715129852295,12.300000190734863,2011-01-06,12.305000305175781,11.944999694824219,12.045000076293945,20600
1758,11.337137222290039,12.045000076293945,2011-01-05,12.045000076293945,11.789999961853027,11.854999542236328,19400
1759,11.205364227294922,11.904999732971191,2011-01-04,11.954999923706055,11.869999885559082,11.869999885559082,23000
1760,11.13947868347168,11.835000038146973,2011-01-03,11.954999923706055,11.800000190734863,11.9350004196167,24000
1761,11.125359535217285,11.819999694824219,2010-12-31,11.9350004196167,11.800000190734863,11.805000305175781,21000
1762,11.106534957885742,11.800000190734863,2010-12-30,11.960000038146973,11.800000190734863,11.800000190734863,7200
1763,11.106534957885742,11.800000190734863,2010-12-29,12.050000190734863,11.789999961853027,11.880000114440918,13800
1764,11.195952415466309,11.895000457763672,2010-12-28,11.904999732971191,11.779999732971191,11.779999732971191,7400
1765,11.167715072631836,11.864999771118164,2010-12-27,12.15999984741211,11.824999809265137,12.15999984741211,11600
1766,11.450084686279297,12.164999961853027,2010-12-23,12.404999732971191,12.15999984741211,12.385000228881836,19400
1767,11.671274185180664,12.399999618530273,2010-12-22,12.399999618530273,12.324999809265137,12.359999656677246,8200
1768,11.685392379760742,12.414999961853027,2010-12-21,12.420000076293945,12.25,12.25,12600
1769,11.544208526611328,12.265000343322754,2010-12-20,12.399999618530273,12.0,12.03499984741211,55600
1770,11.299488067626953,12.005000114440918,2010-12-17,12.010000228881836,11.755000114440918,11.755000114440918,78800
1771,11.092416763305664,11.78499984741211,2010-12-16,11.78499984741211,11.654999732971191,11.75,22800
1772,11.045354843139648,11.734999656677246,2010-12-15,11.869999885559082,11.604999542236328,11.760000228881836,34000
1773,11.106534957885742,11.800000190734863,2010-12-14,11.84000015258789,11.725000381469727,11.725000381469727,22200
1774,10.970056533813477,11.654999732971191,2010-12-13,11.875,11.654999732971191,11.710000038146973,20200
1775,11.02182388305664,11.710000038146973,2010-12-10,11.824999809265137,11.625,11.824999809265137,12400
1776,10.955938339233398,11.640000343322754,2010-12-09,11.829999923706055,11.600000381469727,11.774999618530273,23000
1777,11.007705688476562,11.694999694824219,2010-12-08,11.899999618530273,11.649999618530273,11.899999618530273,64400
1778,11.200657844543457,11.899999618530273,2010-12-07,12.0,11.579999923706055,11.579999923706055,24800
1779,10.955938339233398,11.640000343322754,2010-12-06,11.725000381469727,11.5,11.725000381469727,17200
1780,11.026530265808105,11.71500015258789,2010-12-03,11.930000305175781,11.579999923706055,11.675000190734863,26400
1781,11.068885803222656,11.760000228881836,2010-12-02,11.954999923706055,11.625,11.729999542236328,34800
1782,11.083003997802734,11.774999618530273,2010-12-01,12.029999732971191,11.625,11.664999961853027,22400
1783,10.918289184570312,11.600000381469727,2010-11-30,11.779999732971191,11.5,11.670000076293945,25800
1784,11.078298568725586,11.770000457763672,2010-11-29,11.875,11.75,11.875,15200
1785,11.22889518737793,11.930000305175781,2010-11-26,12.050000190734863,11.779999732971191,11.949999809265137,12000
1786,11.27125072479248,11.975000381469727,2010-11-24,12.15999984741211,11.75,11.770000457763672,36800
1787,11.059473037719727,11.75,2010-11-23,11.970000267028809,11.75,11.970000267028809,13200
1788,11.351255416870117,12.0600004196167,2010-11-22,12.199999809265137,11.859999656677246,12.109999656677246,67600
1789,11.243013381958008,11.944999694824219,2010-11-19,11.944999694824219,11.880000114440918,11.944999694824219,8800
1790,11.205364227294922,11.904999732971191,2010-11-18,11.989999771118164,11.789999961853027,11.789999961853027,18000
1791,11.068885803222656,11.760000228881836,2010-11-17,11.789999961853027,11.630000114440918,11.630000114440918,5600
1792,10.927700996398926,11.609999656677246,2010-11-16,11.704999923706055,11.5600004196167,11.699999809265137,19800
1793,11.285368919372559,11.989999771118164,2010-11-15,11.989999771118164,11.699999809265137,11.829999923706055,34800
1794,11.045354843139648,11.734999656677246,2010-11-12,12.199999809265137,11.649999618530273,12.199999809265137,61200
1795,11.492440223693848,12.210000038146973,2010-11-11,12.484999656677246,12.164999961853027,12.479999542236328,12200
1796,11.770103454589844,12.505000114440918,2010-11-10,12.619999885559082,12.050000190734863,12.274999618530273,56400
1797,11.718335151672363,12.449999809265137,2010-11-09,12.5,12.420000076293945,12.4350004196167,21600
1798,11.680685997009277,12.40999984741211,2010-11-08,12.994999885559082,12.095000267028809,12.75,35200
1799,12.061884880065918,12.8149995803833,2010-11-05,13.024999618530273,11.539999961853027,11.539999961853027,195600
1800,9.882933616638184,10.5,2010-11-04,10.5649995803833,10.350000381469727,10.5649995803833,48800
1801,9.887639999389648,10.505000114440918,2010-11-03,10.545000076293945,10.354999542236328,10.545000076293945,6800
1802,9.859403610229492,10.475000381469727,2010-11-02,10.479999542236328,10.119999885559082,10.25,15600
1803,9.628800392150879,10.229999542236328,2010-11-01,10.875,10.114999771118164,10.510000228881836,24800
1804,9.897052764892578,10.515000343322754,2010-10-29,10.654999732971191,10.454999923706055,10.46500015258789,35200
1805,9.831165313720703,10.444999694824219,2010-10-28,10.524999618530273,10.295000076293945,10.430000305175781,22800
1806,9.74174976348877,10.350000381469727,2010-10-27,10.545000076293945,10.319999694824219,10.4350004196167,11600
1807,9.887639999389648,10.505000114440918,2010-10-26,10.510000228881836,10.180000305175781,10.21500015258789,44000
1808,9.675862312316895,10.279999732971191,2010-10-25,10.375,10.0600004196167,10.28499984741211,12200
1809,9.67115592956543,10.274999618530273,2010-10-22,10.274999618530273,10.024999618530273,10.104999542236328,7200
1810,9.544090270996094,10.140000343322754,2010-10-21,10.385000228881836,10.024999618530273,10.385000228881836,18000
1811,9.71351146697998,10.319999694824219,2010-10-20,10.319999694824219,10.199999809265137,10.199999809265137,6800
1812,9.595857620239258,10.194999694824219,2010-10-19,10.505000114440918,10.194999694824219,10.359999656677246,13400
1813,9.873520851135254,10.489999771118164,2010-10-18,10.489999771118164,10.074999809265137,10.074999809265137,45000
1814,9.511146545410156,10.104999542236328,2010-10-15,10.194999694824219,10.0649995803833,10.164999961853027,20400
1815,9.49232292175293,10.085000038146973,2010-10-14,10.199999809265137,10.03499984741211,10.199999809265137,7000
1816,9.48291015625,10.074999809265137,2010-10-13,10.1850004196167,10.024999618530273,10.1850004196167,39400
1817,9.586445808410645,10.1850004196167,2010-10-12,10.449999809265137,10.130000114440918,10.449999809265137,16600
1818,9.802928924560547,10.414999961853027,2010-10-11,10.550000190734863,10.414999961853027,10.545000076293945,5000
1819,9.9299955368042,10.550000190734863,2010-10-08,10.71500015258789,10.154999732971191,10.710000038146973,11200
1820,9.737043380737305,10.345000267028809,2010-10-07,10.5,10.03499984741211,10.484999656677246,15600
1821,9.802928924560547,10.414999961853027,2010-10-06,10.479999542236328,10.395000457763672,10.395000457763672,14800
1822,9.779398918151855,10.390000343322754,2010-10-05,10.390000343322754,10.114999771118164,10.180000305175781,14400
1823,9.48291015625,10.074999809265137,2010-10-04,10.46500015258789,10.074999809265137,10.46500015258789,26000
1824,9.906464576721191,10.524999618530273,2010-10-01,10.994999885559082,10.484999656677246,10.994999885559082,12200
1825,10.094711303710938,10.725000381469727,2010-09-30,10.854999542236328,10.649999618530273,10.755000114440918,27200
1826,10.042943000793457,10.670000076293945,2010-09-29,10.739999771118164,10.404999732971191,10.739999771118164,26000
1827,10.11353588104248,10.744999885559082,2010-09-28,10.75,10.204999923706055,10.744999885559082,21600
1828,10.066473960876465,10.694999694824219,2010-09-27,10.779999732971191,10.574999809265137,10.574999809265137,11200
1829,9.995881080627441,10.619999885559082,2010-09-24,10.65999984741211,9.9350004196167,10.194999694824219,37600
1830,9.47349739074707,10.0649995803833,2010-09-23,10.649999618530273,10.045000076293945,10.649999618530273,52600
1831,10.042943000793457,10.670000076293945,2010-09-22,10.895000457763672,10.649999618530273,10.829999923706055,19800
1832,10.179421424865723,10.8149995803833,2010-09-21,10.930000305175781,10.774999618530273,10.774999618530273,13600
1833,10.151185035705566,10.78499984741211,2010-09-20,10.994999885559082,10.539999961853027,10.920000076293945,46400
1834,10.297075271606445,10.9399995803833,2010-09-17,11.199999809265137,10.850000381469727,11.199999809265137,53400
1835,10.44296646118164,11.095000267028809,2010-09-16,11.125,10.800000190734863,10.979999542236328,69400
1836,10.377079963684082,11.024999618530273,2010-09-15,11.074999809265137,10.324999809265137,10.324999809265137,188000
1837,9.718217849731445,10.324999809265137,2010-09-14,10.470000267028809,9.5,9.510000228881836,122600
1838,8.941701889038086,9.5,2010-09-13,9.53499984741211,9.5,9.524999618530273,65200
1839,8.95582103729248,9.515000343322754,2010-09-10,9.545000076293945,9.359999656677246,9.5,52600
1840,8.922877311706543,9.479999542236328,2010-09-09,9.5,9.375,9.399999618530273,55800
1841,8.847578048706055,9.399999618530273,2010-09-08,9.484999656677246,9.34000015258789,9.34000015258789,40800
1842,8.748749732971191,9.295000076293945,2010-09-07,9.375,9.295000076293945,9.329999923706055,27400
1843,8.85228443145752,9.404999732971191,2010-09-03,9.4399995803833,9.194999694824219,9.25,46400
1844,8.692275047302246,9.234999656677246,2010-09-02,9.25,9.020000457763672,9.114999771118164,26200
1845,8.546384811401367,9.079999923706055,2010-09-01,9.114999771118164,9.005000114440918,9.050000190734863,46400
1846,8.499322891235352,9.029999732971191,2010-08-31,9.220000267028809,9.010000228881836,9.09000015258789,29800
1847,8.532265663146973,9.0649995803833,2010-08-30,9.170000076293945,9.0,9.0,35800
1848,8.508735656738281,9.039999961853027,2010-08-27,9.369999885559082,9.024999618530273,9.369999885559082,64000
1849,8.781692504882812,9.329999923706055,2010-08-26,9.364999771118164,9.25,9.255000114440918,14800
1850,8.711100578308105,9.255000114440918,2010-08-25,9.255000114440918,8.930000305175781,9.024999618530273,21600
1851,8.494616508483887,9.024999618530273,2010-08-24,9.175000190734863,8.920000076293945,9.020000457763672,34800
1852,8.536972045898438,9.069999694824219,2010-08-23,9.34000015258789,9.069999694824219,9.100000381469727,22000
1853,8.635802268981934,9.175000190734863,2010-08-20,9.210000038146973,9.024999618530273,9.130000114440918,47800
1854,8.626389503479004,9.164999961853027,2010-08-19,9.354999542236328,9.119999885559082,9.119999885559082,32400
1855,8.781692504882812,9.329999923706055,2010-08-18,9.420000076293945,9.329999923706055,9.359999656677246,17800
1856,8.791105270385742,9.34000015258789,2010-08-17,9.359999656677246,9.0649995803833,9.0649995803833,22200
1857,8.579327583312988,9.114999771118164,2010-08-16,9.244999885559082,8.800000190734863,8.800000190734863,60800
1858,8.452260971069336,8.979999542236328,2010-08-13,9.095000267028809,8.930000305175781,8.930000305175781,15200
1859,8.518147468566895,9.050000190734863,2010-08-12,9.100000381469727,8.8100004196167,8.824999809265137,92600
1860,8.362844467163086,8.885000228881836,2010-08-11,9.029999732971191,8.885000228881836,8.890000343322754,103200
1861,8.475791931152344,9.005000114440918,2010-08-10,9.475000381469727,8.885000228881836,9.475000381469727,28400
1862,8.56520938873291,9.100000381469727,2010-08-09,9.104999542236328,9.010000228881836,9.050000190734863,31200
1863,8.513442039489746,9.045000076293945,2010-08-06,9.15999984741211,8.829999923706055,8.829999923706055,34600
1864,8.235777854919434,8.75,2010-08-05,8.975000381469727,8.649999618530273,8.800000190734863,40600
1865,8.602858543395996,9.140000343322754,2010-08-04,9.1850004196167,8.920000076293945,9.135000228881836,13000
1866,8.4569673538208,8.984999656677246,2010-08-03,9.15999984741211,8.755000114440918,8.760000228881836,75200
1867,8.240484237670898,8.755000114440918,2010-08-02,9.0,8.739999771118164,9.0,24600
1868,8.428730964660645,8.954999923706055,2010-07-30,9.149999618530273,8.6899995803833,9.149999618530273,31000
1869,8.494616508483887,9.024999618530273,2010-07-29,9.300000190734863,8.694999694824219,9.21500015258789,37800
1870,8.513442039489746,9.045000076293945,2010-07-28,9.225000381469727,9.03499984741211,9.114999771118164,33600
1871,8.513442039489746,9.045000076293945,2010-07-27,9.15999984741211,8.704999923706055,9.055000305175781,21200
1872,8.471086502075195,9.0,2010-07-26,9.095000267028809,8.680000305175781,9.03499984741211,42000
1873,8.461673736572266,8.989999771118164,2010-07-23,9.024999618530273,8.675000190734863,8.744999885559082,34200
1874,8.259308815002441,8.774999618530273,2010-07-22,8.859999656677246,8.625,8.630000114440918,19600
1875,8.18401050567627,8.694999694824219,2010-07-21,8.9350004196167,8.640000343322754,8.640000343322754,20200
1876,8.118124008178711,8.625,2010-07-20,8.625,8.524999618530273,8.609999656677246,24400
1877,8.118124008178711,8.625,2010-07-19,8.649999618530273,8.5,8.649999618530273,10400
1878,8.052238464355469,8.555000305175781,2010-07-16,8.725000381469727,8.515000343322754,8.515000343322754,45400
1879,8.071062088012695,8.574999809265137,2010-07-15,8.800000190734863,8.574999809265137,8.75,19600
1880,8.231071472167969,8.744999885559082,2010-07-14,8.755000114440918,8.555000305175781,8.699999809265137,20200
1881,8.235777854919434,8.75,2010-07-13,8.75,8.6850004196167,8.6899995803833,35000
1882,8.08518123626709,8.59000015258789,2010-07-12,8.725000381469727,8.545000076293945,8.59000015258789,15400
1883,8.306370735168457,8.824999809265137,2010-07-09,8.824999809265137,8.484999656677246,8.484999656677246,17800
1884,8.02400016784668,8.524999618530273,2010-07-08,8.609999656677246,8.510000228881836,8.604999542236328,58800
1885,8.071062088012695,8.574999809265137,2010-07-07,8.720000267028809,8.489999771118164,8.720000267028809,209800
1886,8.02400016784668,8.524999618530273,2010-07-06,8.824999809265137,8.460000038146973,8.640000343322754,45600
1887,8.118124008178711,8.625,2010-07-02,8.680000305175781,8.489999771118164,8.649999618530273,47600
1888,8.13694953918457,8.645000457763672,2010-07-01,8.850000381469727,8.625,8.850000381469727,19200
1889,8.235777854919434,8.75,2010-06-30,8.994999885559082,8.595000267028809,8.595000267028809,22400
1890,8.061650276184082,8.5649995803833,2010-06-29,8.619999885559082,8.520000457763672,8.520000457763672,24400
1891,8.042825698852539,8.545000076293945,2010-06-28,8.774999618530273,8.520000457763672,8.734999656677246,36800
1892,8.108711242675781,8.614999771118164,2010-06-25,9.079999923706055,8.555000305175781,9.055000305175781,127000
1893,8.41461181640625,8.9399995803833,2010-06-24,9.420000076293945,8.90999984741211,9.420000076293945,23600
1894,8.932289123535156,9.489999771118164,2010-06-23,9.5649995803833,9.380000114440918,9.4399995803833,12000
1895,8.918171882629395,9.475000381469727,2010-06-22,9.595000267028809,9.324999809265137,9.324999809265137,38600
1896,8.739336967468262,9.28499984741211,2010-06-21,9.475000381469727,9.274999618530273,9.420000076293945,11200
1897,8.828754425048828,9.380000114440918,2010-06-18,9.414999961853027,9.15999984741211,9.239999771118164,95600
1898,8.687568664550781,9.229999542236328,2010-06-17,9.25,9.050000190734863,9.180000305175781,29800
1899,8.621683120727539,9.15999984741211,2010-06-16,9.225000381469727,8.25,8.25,50800
1900,8.678156852722168,9.220000267028809,2010-06-15,9.25,9.0600004196167,9.244999885559082,39800
1901,8.485204696655273,9.015000343322754,2010-06-14,9.015000343322754,8.71500015258789,8.949999809265137,25000
1902,8.42402458190918,8.949999809265137,2010-06-11,8.949999809265137,8.640000343322754,8.71500015258789,12600
1903,8.254603385925293,8.770000457763672,2010-06-10,8.864999771118164,8.675000190734863,8.864999771118164,18000
1904,8.344019889831543,8.864999771118164,2010-06-09,8.880000114440918,8.604999542236328,8.675000190734863,19000
1905,8.155773162841797,8.664999961853027,2010-06-08,8.925000190734863,8.550000190734863,8.869999885559082,31000
1906,8.461673736572266,8.989999771118164,2010-06-07,9.180000305175781,8.5,8.5,53400
1907,8.268721580505371,8.78499984741211,2010-06-04,8.9399995803833,8.71500015258789,8.744999885559082,37800
1908,8.42402458190918,8.949999809265137,2010-06-03,9.015000343322754,8.744999885559082,8.984999656677246,20800
1909,8.28283977508545,8.800000190734863,2010-06-02,8.800000190734863,8.574999809265137,8.595000267028809,23000
1910,8.07576847076416,8.579999923706055,2010-06-01,8.739999771118164,8.569999694824219,8.635000228881836,23400
1911,8.235777854919434,8.75,2010-05-28,8.869999885559082,8.625,8.744999885559082,34600
1912,8.202835083007812,8.71500015258789,2010-05-27,8.725000381469727,8.350000381469727,8.5600004196167,71200
1913,7.788692474365234,8.274999618530273,2010-05-26,8.5649995803833,8.265000343322754,8.5,65200
1914,8.000470161437988,8.5,2010-05-25,8.680000305175781,8.4350004196167,8.625,83200
1915,8.235777854919434,8.75,2010-05-24,8.885000228881836,8.649999618530273,8.805000305175781,11800
1916,8.268721580505371,8.78499984741211,2010-05-21,8.885000228881836,8.649999618530273,8.649999618530273,13600
1917,8.165185928344727,8.675000190734863,2010-05-20,8.9399995803833,8.65999984741211,8.930000305175781,24800
1918,8.504029273986816,9.03499984741211,2010-05-19,9.220000267028809,9.029999732971191,9.149999618530273,10800
1919,8.588740348815918,9.125,2010-05-18,9.25,8.994999885559082,9.25,15800
1920,8.65462589263916,9.194999694824219,2010-05-17,9.25,8.920000076293945,9.175000190734863,24200
1921,8.579327583312988,9.114999771118164,2010-05-14,9.239999771118164,8.914999961853027,9.175000190734863,17200
1922,8.687568664550781,9.229999542236328,2010-05-13,9.229999542236328,9.09000015258789,9.210000038146973,21400
1923,8.70639419555664,9.25,2010-05-12,9.25,9.199999809265137,9.244999885559082,31800
1924,8.687568664550781,9.229999542236328,2010-05-11,9.25,8.949999809265137,9.050000190734863,26400
1925,8.621683120727539,9.15999984741211,2010-05-10,9.234999656677246,9.03499984741211,9.234999656677246,23800
1926,8.240484237670898,8.755000114440918,2010-05-07,9.015000343322754,8.755000114440918,9.015000343322754,16600
1927,8.353431701660156,8.875,2010-05-06,9.28499984741211,8.875,9.0,49000
1928,8.52285385131836,9.055000305175781,2010-05-05,9.130000114440918,9.010000228881836,9.069999694824219,19200
1929,8.579327583312988,9.114999771118164,2010-05-04,9.170000076293945,9.0,9.125,25600
1930,8.682863235473633,9.225000381469727,2010-05-03,9.3149995803833,9.154999732971191,9.3149995803833,21600
1931,8.758162498474121,9.305000305175781,2010-04-30,9.470000267028809,9.199999809265137,9.385000228881836,33200
1932,8.833460807800293,9.385000228881836,2010-04-29,9.420000076293945,9.020000457763672,9.020000457763672,8600
1933,8.678156852722168,9.220000267028809,2010-04-28,9.475000381469727,9.164999961853027,9.430000305175781,18200
1934,8.772279739379883,9.319999694824219,2010-04-27,9.4399995803833,9.270000457763672,9.425000190734863,16000
1935,8.91346549987793,9.470000267028809,2010-04-26,9.5,9.225000381469727,9.244999885559082,55200
1936,8.668745040893555,9.210000038146973,2010-04-23,9.210000038146973,8.949999809265137,8.989999771118164,76600
1937,8.42402458190918,8.949999809265137,2010-04-22,8.994999885559082,8.845000267028809,8.845000267028809,19000
1938,8.405200004577637,8.930000305175781,2010-04-21,8.944999694824219,8.635000228881836,8.635000228881836,10800
1939,8.21695327758789,8.729999542236328,2010-04-20,8.729999542236328,8.510000228881836,8.574999809265137,12000
1940,8.113417625427246,8.619999885559082,2010-04-19,8.6850004196167,8.53499984741211,8.53499984741211,27200
1941,8.21695327758789,8.729999542236328,2010-04-16,8.960000038146973,8.704999923706055,8.850000381469727,15600
1942,8.339313507080078,8.859999656677246,2010-04-15,8.880000114440918,8.789999961853027,8.8149995803833,8400
1943,8.31578254699707,8.835000038146973,2010-04-14,8.949999809265137,8.725000381469727,8.729999542236328,10400
1944,8.188715934753418,8.699999809265137,2010-04-13,8.8149995803833,8.680000305175781,8.8149995803833,7200
1945,8.329901695251465,8.850000381469727,2010-04-12,9.0,8.6850004196167,8.6850004196167,24200
1946,8.155773162841797,8.664999961853027,2010-04-09,8.75,8.614999771118164,8.75,20600
1947,8.099299430847168,8.604999542236328,2010-04-08,8.805000305175781,8.479999542236328,8.805000305175781,26600
1948,8.320488929748535,8.84000015258789,2010-04-07,8.970000267028809,8.795000076293945,8.970000267028809,14200
1949,8.46638011932373,8.994999885559082,2010-04-06,9.0,8.765000343322754,8.835000038146973,76800
1950,8.447555541992188,8.975000381469727,2010-04-05,8.975000381469727,8.795000076293945,8.795000076293945,11200
1951,8.329901695251465,8.850000381469727,2010-04-01,8.90999984741211,8.755000114440918,8.824999809265137,17200
1952,8.259308815002441,8.774999618530273,2010-03-31,8.875,8.625,8.720000267028809,51400
1953,8.231071472167969,8.744999885559082,2010-03-30,8.744999885559082,8.555000305175781,8.5600004196167,44000
1954,8.104005813598633,8.609999656677246,2010-03-29,8.609999656677246,8.539999961853027,8.579999923706055,8800
1955,8.047532081604004,8.550000190734863,2010-03-26,8.635000228881836,8.4350004196167,8.5,15400
1956,7.976939678192139,8.475000381469727,2010-03-25,8.680000305175781,8.420000076293945,8.5649995803833,26000
1957,8.047532081604004,8.550000190734863,2010-03-24,8.675000190734863,8.550000190734863,8.604999542236328,14400
1958,8.122830390930176,8.630000114440918,2010-03-23,8.744999885559082,8.625,8.6850004196167,21000
1959,8.151066780090332,8.65999984741211,2010-03-22,8.710000038146973,8.414999961853027,8.414999961853027,32400
1960,7.981645107269287,8.479999542236328,2010-03-19,8.489999771118164,8.395000457763672,8.404999732971191,34400
1961,7.868697643280029,8.359999656677246,2010-03-18,8.390000343322754,8.145000457763672,8.324999809265137,8600
1962,7.854579448699951,8.345000267028809,2010-03-17,8.470000267028809,8.324999809265137,8.46500015258789,13600
1963,7.929877758026123,8.425000190734863,2010-03-16,8.489999771118164,8.170000076293945,8.279999732971191,18200
1964,8.000470161437988,8.5,2010-03-15,8.5,8.359999656677246,8.359999656677246,17200
1965,7.882816314697266,8.375,2010-03-12,8.375,8.25,8.364999771118164,8200
1966,7.981645107269287,8.479999542236328,2010-03-11,8.484999656677246,8.420000076293945,8.460000038146973,16400
1967,7.948702335357666,8.444999694824219,2010-03-10,8.489999771118164,8.34000015258789,8.34000015258789,13200
1968,7.948702335357666,8.444999694824219,2010-03-09,8.449999809265137,8.265000343322754,8.265000343322754,10200
1969,7.854579448699951,8.345000267028809,2010-03-08,8.454999923706055,8.194999694824219,8.194999694824219,15200
1970,7.991057872772217,8.489999771118164,2010-03-05,8.5,8.319999694824219,8.335000038146973,26200
1971,7.83575439453125,8.324999809265137,2010-03-04,8.354999542236328,8.300000190734863,8.3100004196167,18200
1972,7.882816314697266,8.375,2010-03-03,8.399999618530273,8.225000381469727,8.385000228881836,17000
1973,7.854579448699951,8.345000267028809,2010-03-02,8.430000305175781,8.100000381469727,8.100000381469727,44200
1974,7.765162467956543,8.25,2010-03-01,8.25,8.180000305175781,8.210000038146973,30400
1975,7.718100547790527,8.199999809265137,2010-02-26,8.279999732971191,8.085000038146973,8.244999885559082,39000
1976,7.779281139373779,8.265000343322754,2010-02-25,8.3100004196167,8.154999732971191,8.15999984741211,29800
1977,7.722806930541992,8.204999923706055,2010-02-24,8.204999923706055,8.135000228881836,8.135000228881836,6600
1978,7.628683090209961,8.104999542236328,2010-02-23,8.225000381469727,8.095000267028809,8.21500015258789,25800
1979,7.671038627624512,8.149999618530273,2010-02-22,8.149999618530273,7.840000152587891,7.840000152587891,22600
1980,7.365138530731201,7.824999809265137,2010-02-19,7.920000076293945,7.704999923706055,7.920000076293945,49200
1981,7.43102502822876,7.894999980926514,2010-02-18,7.980000019073486,7.894999980926514,7.96999979019165,24800
1982,7.5298542976379395,8.0,2010-02-17,8.119999885559082,7.96999979019165,8.100000381469727,25600
1983,7.609858989715576,8.085000038146973,2010-02-16,8.149999618530273,8.050000190734863,8.149999618530273,18400
1984,7.675745010375977,8.154999732971191,2010-02-12,8.220000267028809,8.130000114440918,8.220000267028809,23400
1985,7.680451393127441,8.15999984741211,2010-02-11,8.204999923706055,8.100000381469727,8.100000381469727,6600
1986,7.6428022384643555,8.119999885559082,2010-02-10,8.25,8.045000076293945,8.25,349600
1987,7.402787685394287,7.864999771118164,2010-02-09,7.875,7.835000038146973,7.835000038146973,6400
1988,7.318077087402344,7.775000095367432,2010-02-08,7.954999923706055,7.775000095367432,7.954999923706055,10200
1989,7.463967800140381,7.929999828338623,2010-02-05,7.949999809265137,7.820000171661377,7.820000171661377,20800
1990,7.3792572021484375,7.840000152587891,2010-02-04,7.965000152587891,7.795000076293945,7.795000076293945,17400
1991,7.426318645477295,7.889999866485596,2010-02-03,7.934999942779541,7.75,7.764999866485596,17600
1992,7.313371181488037,7.769999980926514,2010-02-02,7.960000038146973,7.769999980926514,7.960000038146973,16400
1993,7.4922051429748535,7.960000038146973,2010-02-01,7.974999904632568,7.869999885559082,7.869999885559082,8200
1994,7.3980817794799805,7.860000133514404,2010-01-29,8.0,7.860000133514404,7.994999885559082,38600
1995,7.487498760223389,7.954999923706055,2010-01-28,8.109999656677246,7.949999809265137,8.09000015258789,65400
1996,7.591033935546875,8.0649995803833,2010-01-27,8.100000381469727,8.029999732971191,8.029999732971191,10600
1997,7.591033935546875,8.0649995803833,2010-01-26,8.229999542236328,8.0600004196167,8.0600004196167,9000
1998,7.628683090209961,8.104999542236328,2010-01-25,8.114999771118164,8.024999618530273,8.024999618530273,10000
1999,7.591033935546875,8.0649995803833,2010-01-22,8.145000457763672,7.934999942779541,8.104999542236328,18000
2000,7.59574031829834,8.069999694824219,2010-01-21,8.180000305175781,8.069999694824219,8.079999923706055,14400
2001,7.802811622619629,8.289999961853027,2010-01-20,8.3100004196167,8.225000381469727,8.225000381469727,14400
2002,7.816930294036865,8.305000305175781,2010-01-19,8.3100004196167,8.210000038146973,8.210000038146973,28800
2003,7.727512836456299,8.210000038146973,2010-01-15,8.3100004196167,8.079999923706055,8.239999771118164,23800
2004,7.708687782287598,8.1899995803833,2010-01-14,8.270000457763672,8.085000038146973,8.154999732971191,12800
2005,7.703982353210449,8.1850004196167,2010-01-13,8.25,8.085000038146973,8.085000038146973,12200
2006,7.628683090209961,8.104999542236328,2010-01-12,8.25,8.0649995803833,8.229999542236328,45400
2007,7.760456085205078,8.244999885559082,2010-01-11,8.279999732971191,8.225000381469727,8.270000457763672,11200
2008,7.765162467956543,8.25,2010-01-08,8.274999618530273,7.875,7.885000228881836,16800
2009,7.591033935546875,8.0649995803833,2010-01-07,8.319999694824219,8.0649995803833,8.3149995803833,41200
2010,7.82163667678833,8.3100004196167,2010-01-06,8.399999618530273,8.3100004196167,8.399999618530273,21000
2011,7.878109931945801,8.369999885559082,2010-01-05,8.4399995803833,8.354999542236328,8.354999542236328,14600
2012,7.873403549194336,8.364999771118164,2010-01-04,8.385000228881836,8.3149995803833,8.3149995803833,19200
2013,7.76986837387085,8.255000114440918,2009-12-31,8.359999656677246,8.244999885559082,8.359999656677246,65400
2014,7.83575439453125,8.324999809265137,2009-12-30,8.324999809265137,8.039999961853027,8.260000228881836,14400
2015,7.8075175285339355,8.295000076293945,2009-12-29,8.300000190734863,8.149999618530273,8.149999618530273,17000
2016,7.699276447296143,8.180000305175781,2009-12-28,8.180000305175781,8.114999771118164,8.145000457763672,5200
2017,7.765162467956543,8.25,2009-12-24,8.279999732971191,8.005000114440918,8.15999984741211,5200
2018,7.647508144378662,8.125,2009-12-23,8.15999984741211,8.079999923706055,8.079999923706055,54600
2019,7.57220983505249,8.045000076293945,2009-12-22,8.149999618530273,8.045000076293945,8.109999656677246,24800
2020,7.652214527130127,8.130000114440918,2009-12-21,8.135000228881836,8.055000305175781,8.135000228881836,15600
2021,7.671038627624512,8.149999618530273,2009-12-18,8.234999656677246,8.149999618530273,8.234999656677246,51000
2022,7.722806930541992,8.204999923706055,2009-12-17,8.204999923706055,8.050000190734863,8.15999984741211,14600
2023,7.718100547790527,8.199999809265137,2009-12-16,8.25,8.109999656677246,8.109999656677246,17400
2024,7.581622123718262,8.055000305175781,2009-12-15,8.21500015258789,8.050000190734863,8.050000190734863,23000
2025,7.605152606964111,8.079999923706055,2009-12-14,8.079999923706055,7.829999923706055,7.829999923706055,8800
2026,7.5110297203063965,7.980000019073486,2009-12-11,8.130000114440918,7.875,8.010000228881836,150400
2027,7.4922051429748535,7.960000038146973,2009-12-10,8.050000190734863,7.914999961853027,8.050000190734863,13000
2028,7.576916217803955,8.050000190734863,2009-12-09,8.055000305175781,7.945000171661377,7.945000171661377,18200
2029,7.5298542976379395,8.0,2009-12-08,8.125,7.849999904632568,8.100000381469727,19800
2030,7.614565372467041,8.09000015258789,2009-12-07,8.164999961853027,7.960000038146973,7.960000038146973,17400
2031,7.539267063140869,8.010000228881836,2009-12-04,8.140000343322754,7.945000171661377,7.945000171661377,14000
2032,7.412200450897217,7.875,2009-12-03,8.1850004196167,7.824999809265137,7.860000133514404,72800
2033,7.558091163635254,8.029999732971191,2009-12-02,8.21500015258789,8.0,8.21500015258789,10800
2034,7.741631984710693,8.225000381469727,2009-12-01,8.225000381469727,7.804999828338623,7.914999961853027,21000
2035,7.445143222808838,7.909999847412109,2009-11-30,7.965000152587891,7.829999923706055,7.829999923706055,16400
2036,7.35572624206543,7.815000057220459,2009-11-27,7.875,7.815000057220459,7.875,5600
2037,7.57220983505249,8.045000076293945,2009-11-25,8.055000305175781,8.0,8.015000343322754,10800
2038,7.553384780883789,8.024999618530273,2009-11-24,8.239999771118164,7.900000095367432,8.015000343322754,36600
2039,7.539267063140869,8.010000228881836,2009-11-23,8.0649995803833,7.90500020980835,7.90500020980835,31000
2040,7.482792377471924,7.949999809265137,2009-11-20,8.104999542236328,7.84499979019165,7.994999885559082,60000
2041,7.496911525726318,7.965000152587891,2009-11-19,8.220000267028809,7.945000171661377,8.069999694824219,51800
2042,7.619271755218506,8.095000267028809,2009-11-18,8.25,8.03499984741211,8.234999656677246,29600
2043,7.6428022384643555,8.119999885559082,2009-11-17,8.199999809265137,7.994999885559082,7.994999885559082,85200
2044,7.576916217803955,8.050000190734863,2009-11-16,8.125,7.974999904632568,8.0,30600
2045,7.525147914886475,7.994999885559082,2009-11-13,7.994999885559082,7.849999904632568,7.90500020980835,24800
2046,7.412200450897217,7.875,2009-11-12,7.985000133514404,7.75,7.875,20800
2047,7.412200450897217,7.875,2009-11-11,7.925000190734863,7.78000020980835,7.78000020980835,131800
2048,7.407494068145752,7.869999885559082,2009-11-10,7.909999847412109,7.75,7.885000228881836,17000
2049,7.4733805656433105,7.940000057220459,2009-11-09,7.965000152587891,7.659999847412109,7.659999847412109,32600
2050,7.200423240661621,7.650000095367432,2009-11-06,7.820000171661377,7.599999904632568,7.599999904632568,20800
2051,7.068650722503662,7.510000228881836,2009-11-05,7.65500020980835,7.505000114440918,7.554999828338623,28200
2052,7.106300354003906,7.550000190734863,2009-11-04,7.735000133514404,7.474999904632568,7.670000076293945,11600
2053,7.111005783081055,7.554999828338623,2009-11-03,7.75,7.460000038146973,7.574999809265137,27800
2054,7.1533613204956055,7.599999904632568,2009-11-02,7.755000114440918,7.454999923706055,7.755000114440918,20200
2055,7.078063011169434,7.519999980926514,2009-10-30,7.800000190734863,7.460000038146973,7.510000228881836,35800
2056,7.092181205749512,7.534999847412109,2009-10-29,7.909999847412109,7.514999866485596,7.514999866485596,39200
2057,7.092181205749512,7.534999847412109,2009-10-28,7.550000190734863,7.375,7.550000190734863,42800
2058,7.162774085998535,7.610000133514404,2009-10-27,7.764999866485596,7.590000152587891,7.75,12000
2059,7.172185897827148,7.619999885559082,2009-10-26,7.764999866485596,7.570000171661377,7.739999771118164,18800
2060,7.2663092613220215,7.71999979019165,2009-10-23,7.920000076293945,7.71999979019165,7.760000228881836,12600
2061,7.289840221405029,7.744999885559082,2009-10-22,7.929999828338623,7.71999979019165,7.764999866485596,26600
2062,7.2663092613220215,7.71999979019165,2009-10-21,7.949999809265137,7.684999942779541,7.71999979019165,14600
2063,7.289840221405029,7.744999885559082,2009-10-20,7.815000057220459,7.699999809265137,7.715000152587891,15800
2064,7.289840221405029,7.744999885559082,2009-10-19,7.855000019073486,7.684999942779541,7.840000152587891,31600
2065,7.280427932739258,7.735000133514404,2009-10-16,7.940000057220459,7.735000133514404,7.864999771118164,23400
2066,7.416906356811523,7.880000114440918,2009-10-15,7.954999923706055,7.75,7.885000228881836,10200
2067,7.482792377471924,7.949999809265137,2009-10-14,7.965000152587891,7.864999771118164,7.889999866485596,12600
2068,7.407494068145752,7.869999885559082,2009-10-13,7.989999771118164,7.864999771118164,7.989999771118164,3800
2069,7.445143222808838,7.909999847412109,2009-10-12,7.985000133514404,7.75,7.78000020980835,20600
2070,7.388669490814209,7.849999904632568,2009-10-09,7.940000057220459,7.804999828338623,7.840000152587891,8800
2071,7.416906356811523,7.880000114440918,2009-10-08,7.960000038146973,7.795000076293945,7.894999980926514,38000
2072,7.3604326248168945,7.820000171661377,2009-10-07,7.940000057220459,7.71999979019165,7.775000095367432,29600
2073,7.327489376068115,7.784999847412109,2009-10-06,7.809999942779541,7.710000038146973,7.809999942779541,24800
2074,7.351020336151123,7.809999942779541,2009-10-05,7.914999961853027,7.670000076293945,7.670000076293945,38800
2075,7.195716857910156,7.644999980926514,2009-10-02,7.949999809265137,7.644999980926514,7.900000095367432,9000
2076,7.2286601066589355,7.679999828338623,2009-10-01,7.945000171661377,7.679999828338623,7.84499979019165,13200
2077,7.318077087402344,7.775000095367432,2009-09-30,7.815000057220459,7.730000019073486,7.739999771118164,26600
2078,7.261603355407715,7.715000152587891,2009-09-29,7.849999904632568,7.710000038146973,7.760000228881836,12400
2079,7.271015644073486,7.724999904632568,2009-09-28,7.90500020980835,7.724999904632568,7.860000133514404,24000
2080,7.25689697265625,7.710000038146973,2009-09-25,7.940000057220459,7.704999923706055,7.894999980926514,33200
2081,7.327489376068115,7.784999847412109,2009-09-24,7.909999847412109,7.659999847412109,7.699999809265137,29600
2082,7.2851338386535645,7.739999771118164,2009-09-23,7.744999885559082,7.630000114440918,7.635000228881836,14400
2083,7.214541435241699,7.664999961853027,2009-09-22,7.739999771118164,7.625,7.715000152587891,24400
2084,7.271015644073486,7.724999904632568,2009-09-21,7.724999904632568,7.59499979019165,7.65500020980835,20200
2085,7.167479991912842,7.614999771118164,2009-09-18,7.730000019073486,7.534999847412109,7.704999923706055,56400
2086,7.261603355407715,7.715000152587891,2009-09-17,7.739999771118164,7.599999904632568,7.625,43400
2087,7.195716857910156,7.644999980926514,2009-09-16,7.695000171661377,7.574999809265137,7.585000038146973,19800
2088,7.172185897827148,7.619999885559082,2009-09-15,7.784999847412109,7.559999942779541,7.710000038146973,18000
2089,7.294546127319336,7.75,2009-09-14,7.929999828338623,7.715000152587891,7.929999828338623,17000
2090,7.346313953399658,7.804999828338623,2009-09-11,7.914999961853027,7.804999828338623,7.889999866485596,5000
2091,7.459261894226074,7.925000190734863,2009-09-10,7.960000038146973,7.804999828338623,7.925000190734863,14400
2092,7.496911525726318,7.965000152587891,2009-09-09,8.119999885559082,7.875,8.119999885559082,25400
2093,7.506323337554932,7.974999904632568,2009-09-08,7.974999904632568,7.744999885559082,7.889999866485596,19000
2094,7.435731410980225,7.900000095367432,2009-09-04,7.96999979019165,7.684999942779541,7.764999866485596,35200
2095,7.33219575881958,7.789999961853027,2009-09-03,7.835000038146973,7.505000114440918,7.835000038146973,31000
2096,7.383963108062744,7.84499979019165,2009-09-02,7.875,7.760000228881836,7.760000228881836,9000
2097,7.313371181488037,7.769999980926514,2009-09-01,8.119999885559082,7.760000228881836,8.119999885559082,10200
2098,7.435731410980225,7.900000095367432,2009-08-31,7.96999979019165,7.824999809265137,7.880000114440918,21600
2099,7.393375873565674,7.855000019073486,2009-08-28,8.244999885559082,7.824999809265137,8.069999694824219,25600
2100,7.5298542976379395,8.0,2009-08-27,8.024999618530273,7.855000019073486,8.024999618530273,19400
2101,7.656920909881592,8.135000228881836,2009-08-26,8.335000038146973,7.900000095367432,7.900000095367432,16800
2102,7.576916217803955,8.050000190734863,2009-08-25,8.375,7.880000114440918,8.229999542236328,19200
2103,7.638095855712891,8.114999771118164,2009-08-24,8.380000114440918,8.114999771118164,8.25,11000
2104,7.779281139373779,8.265000343322754,2009-08-21,8.324999809265137,7.945000171661377,8.125,26000
2105,7.539267063140869,8.010000228881836,2009-08-20,8.119999885559082,7.889999866485596,8.104999542236328,28600
2106,7.59574031829834,8.069999694824219,2009-08-19,8.069999694824219,7.849999904632568,8.069999694824219,23200
2107,7.534560680389404,8.005000114440918,2009-08-18,8.050000190734863,7.909999847412109,7.920000076293945,20200
2108,7.412200450897217,7.875,2009-08-17,8.074999809265137,7.820000171661377,7.90500020980835,16400
2109,7.416906356811523,7.880000114440918,2009-08-14,8.029999732971191,7.880000114440918,7.994999885559082,23800
2110,7.299252510070801,7.755000114440918,2009-08-13,7.960000038146973,7.755000114440918,7.760000228881836,18200
2111,7.294546127319336,7.75,2009-08-12,7.985000133514404,7.75,7.965000152587891,40800
2112,7.4733805656433105,7.940000057220459,2009-08-11,8.175000190734863,7.75,8.114999771118164,31600
2113,7.638095855712891,8.114999771118164,2009-08-10,8.170000076293945,8.050000190734863,8.050000190734863,15800
2114,7.680451393127441,8.15999984741211,2009-08-07,8.305000305175781,8.074999809265137,8.175000190734863,38600
2115,7.609858989715576,8.085000038146973,2009-08-06,8.395000457763672,7.954999923706055,7.954999923706055,23800
2116,7.459261894226074,7.925000190734863,2009-08-05,8.449999809265137,7.889999866485596,8.449999809265137,18200
2117,7.943995952606201,8.4399995803833,2009-08-04,8.470000267028809,8.354999542236328,8.414999961853027,16000
2118,7.906346797943115,8.399999618530273,2009-08-03,8.479999542236328,7.880000114440918,8.15999984741211,39200
2119,7.703982353210449,8.1850004196167,2009-07-31,8.204999923706055,7.894999980926514,7.894999980926514,197000
2120,7.638095855712891,8.114999771118164,2009-07-30,8.199999809265137,7.739999771118164,7.739999771118164,25000
2121,7.35572624206543,7.815000057220459,2009-07-29,7.864999771118164,7.534999847412109,7.71999979019165,28200
2122,7.223954200744629,7.675000190734863,2009-07-28,7.730000019073486,7.554999828338623,7.554999828338623,47200
2123,7.176892280578613,7.625,2009-07-27,7.625,7.454999923706055,7.625,28400
2124,7.1157121658325195,7.559999942779541,2009-07-24,7.625,7.425000190734863,7.625,18600
2125,7.176892280578613,7.625,2009-07-23,7.625,7.559999942779541,7.570000171661377,27200
2126,7.162774085998535,7.610000133514404,2009-07-22,7.625,7.445000171661377,7.485000133514404,22000
2127,7.049825668334961,7.489999771118164,2009-07-21,7.625,7.480000019073486,7.494999885559082,12600
2128,7.007470607757568,7.445000171661377,2009-07-20,7.5,7.445000171661377,7.454999923706055,22200
2129,7.007470607757568,7.445000171661377,2009-07-17,7.5,7.400000095367432,7.5,26800
2130,7.059238433837891,7.5,2009-07-16,7.5,7.360000133514404,7.389999866485596,23000
2131,7.059238433837891,7.5,2009-07-15,7.5,7.364999771118164,7.494999885559082,29400
2132,6.979233741760254,7.414999961853027,2009-07-14,7.414999961853027,7.369999885559082,7.375,10600
2133,6.941584587097168,7.375,2009-07-13,7.420000076293945,7.360000133514404,7.375,33400
2134,6.941584587097168,7.375,2009-07-10,7.375,7.295000076293945,7.295000076293945,3400
2135,6.866285800933838,7.295000076293945,2009-07-09,7.429999828338623,7.28000020980835,7.425000190734863,17200
2136,6.941584587097168,7.375,2009-07-08,7.5,7.300000190734863,7.335000038146973,33200
2137,6.875698089599609,7.304999828338623,2009-07-07,7.449999809265137,7.28000020980835,7.449999809265137,23200
2138,6.983940124511719,7.420000076293945,2009-07-06,7.585000038146973,7.300000190734863,7.385000228881836,46800
2139,6.965115547180176,7.400000095367432,2009-07-02,7.454999923706055,7.255000114440918,7.454999923706055,18600
2140,7.012176513671875,7.449999809265137,2009-07-01,7.5,7.324999809265137,7.335000038146973,17400
2141,6.856873512268066,7.284999847412109,2009-06-30,7.675000190734863,7.284999847412109,7.675000190734863,45600
2142,7.1345367431640625,7.579999923706055,2009-06-29,7.795000076293945,7.434999942779541,7.525000095367432,63400
2143,7.120418548583984,7.565000057220459,2009-06-26,7.724999904632568,6.739999771118164,6.925000190734863,1142800
2144,6.518030166625977,6.925000190734863,2009-06-25,7.019999980926514,6.760000228881836,6.954999923706055,29200
2145,6.546267032623291,6.954999923706055,2009-06-24,7.099999904632568,6.860000133514404,7.09499979019165,17600
2146,6.588622570037842,7.0,2009-06-23,7.119999885559082,6.755000114440918,7.110000133514404,15200
2147,6.588622570037842,7.0,2009-06-22,7.275000095367432,6.75,7.275000095367432,44600
2148,6.8192243576049805,7.244999885559082,2009-06-19,7.389999866485596,6.940000057220459,7.389999866485596,58800
2149,6.790987491607666,7.215000152587891,2009-06-18,7.260000228881836,6.949999809265137,7.074999809265137,14400
2150,6.522736072540283,6.929999828338623,2009-06-17,7.184999942779541,6.855000019073486,7.010000228881836,55400
2151,7.233366012573242,7.684999942779541,2009-06-16,7.715000152587891,7.360000133514404,7.715000152587891,24400
2152,7.271015644073486,7.724999904632568,2009-06-15,7.724999904632568,7.0,7.724999904632568,40800
2153,7.2663092613220215,7.71999979019165,2009-06-12,7.815000057220459,7.514999866485596,7.679999828338623,25000
2154,7.162774085998535,7.610000133514404,2009-06-11,7.855000019073486,7.440000057220459,7.494999885559082,71600
2155,7.021589279174805,7.460000038146973,2009-06-10,7.5,7.255000114440918,7.304999828338623,33400
2156,6.932171821594238,7.364999771118164,2009-06-09,7.494999885559082,7.355000019073486,7.489999771118164,7600
2157,6.960409164428711,7.394999980926514,2009-06-08,7.465000152587891,7.315000057220459,7.460000038146973,8200
2158,7.031001091003418,7.46999979019165,2009-06-05,7.494999885559082,7.364999771118164,7.485000133514404,4000
2159,7.049825668334961,7.489999771118164,2009-06-04,7.489999771118164,7.295000076293945,7.295000076293945,4800
2160,7.012176513671875,7.449999809265137,2009-06-03,7.465000152587891,7.190000057220459,7.190000057220459,7200
2161,7.035707473754883,7.474999904632568,2009-06-02,7.5,7.360000133514404,7.429999828338623,33400
2162,6.932171821594238,7.364999771118164,2009-06-01,7.474999904632568,7.059999942779541,7.085000038146973,47000
2163,6.729807376861572,7.150000095367432,2009-05-29,7.449999809265137,7.005000114440918,7.130000114440918,68800
2164,7.01688289642334,7.454999923706055,2009-05-28,7.454999923706055,6.760000228881836,6.760000228881836,10800
2165,7.012176513671875,7.449999809265137,2009-05-27,7.454999923706055,7.130000114440918,7.130000114440918,21200
2166,6.696864128112793,7.114999771118164,2009-05-26,7.195000171661377,7.045000076293945,7.195000171661377,25200
2167,6.7062764167785645,7.125,2009-05-22,7.125,7.119999885559082,7.119999885559082,1600
2168,6.7062764167785645,7.125,2009-05-21,7.125,7.105000019073486,7.125,20400
2169,6.7062764167785645,7.125,2009-05-20,7.144999980926514,7.119999885559082,7.144999980926514,13000
2170,6.682745456695557,7.099999904632568,2009-05-19,7.119999885559082,7.074999809265137,7.074999809265137,22800
2171,6.663920879364014,7.079999923706055,2009-05-18,7.144999980926514,7.079999923706055,7.144999980926514,37800
2172,6.715689182281494,7.135000228881836,2009-05-15,7.144999980926514,7.074999809265137,7.074999809265137,4400
2173,6.682745456695557,7.099999904632568,2009-05-14,7.125,7.050000190734863,7.050000190734863,7400
2174,6.7062764167785645,7.125,2009-05-13,7.210000038146973,7.019999980926514,7.210000038146973,14400
2175,6.593328952789307,7.005000114440918,2009-05-12,7.144999980926514,7.0,7.144999980926514,20800
2176,6.786281108856201,7.210000038146973,2009-05-11,7.210000038146973,7.050000190734863,7.199999809265137,26400
2177,6.682745456695557,7.099999904632568,2009-05-08,7.474999904632568,7.050000190734863,7.210000038146973,33600
2178,6.588622570037842,7.0,2009-05-07,7.224999904632568,6.760000228881836,7.0,43800
2179,6.598034858703613,7.010000228881836,2009-05-06,7.175000190734863,6.449999809265137,6.449999809265137,62400
2180,6.094475746154785,6.474999904632568,2009-05-05,6.5,6.215000152587891,6.215000152587891,19600
2181,5.849755764007568,6.215000152587891,2009-05-04,6.375,6.074999809265137,6.074999809265137,29000
2182,5.713277339935303,6.070000171661377,2009-05-01,6.090000152587891,6.0,6.0,13000
2183,5.647390842437744,6.0,2009-04-30,6.099999904632568,5.960000038146973,6.099999904632568,15000
2184,5.623859882354736,5.974999904632568,2009-04-29,5.994999885559082,5.880000114440918,5.880000114440918,4800
2185,5.647390842437744,6.0,2009-04-28,6.065000057220459,5.974999904632568,6.025000095367432,10200
2186,5.647390842437744,6.0,2009-04-27,6.0,5.875,5.900000095367432,3200
2187,5.6003289222717285,5.949999809265137,2009-04-24,6.0,5.949999809265137,6.0,2000
2188,5.576798439025879,5.925000190734863,2009-04-23,5.994999885559082,5.90500020980835,5.994999885559082,10600
2189,5.623859882354736,5.974999904632568,2009-04-22,5.974999904632568,5.965000152587891,5.974999904632568,2600
2190,5.623859882354736,5.974999904632568,2009-04-21,5.974999904632568,5.860000133514404,5.875,26600
2191,5.567386150360107,5.914999961853027,2009-04-20,6.0,5.875,6.0,17400
2192,5.642684459686279,5.994999885559082,2009-04-17,6.0,5.929999828338623,6.0,16600
2193,5.689746379852295,6.045000076293945,2009-04-16,6.099999904632568,5.929999828338623,6.099999904632568,29600
2194,5.732101917266846,6.090000152587891,2009-04-15,6.090000152587891,5.929999828338623,6.0,10600
2195,5.732101917266846,6.090000152587891,2009-04-14,6.099999904632568,5.989999771118164,6.090000152587891,32000
2196,5.741513729095459,6.099999904632568,2009-04-13,6.099999904632568,5.855000019073486,5.949999809265137,51200
2197,5.633272171020508,5.985000133514404,2009-04-09,6.0,5.855000019073486,5.945000171661377,91000
2198,5.553267478942871,5.900000095367432,2009-04-08,5.900000095367432,5.809999942779541,5.809999942779541,800
2199,5.5438551902771,5.889999866485596,2009-04-07,6.045000076293945,5.625,5.949999809265137,3400
2200,5.633272171020508,5.985000133514404,2009-04-06,6.085000038146973,5.755000114440918,6.050000190734863,38400
2201,5.515618324279785,5.860000133514404,2009-04-03,6.110000133514404,5.590000152587891,5.590000152587891,4400
2202,5.412082672119141,5.75,2009-04-02,6.110000133514404,5.550000190734863,5.605000019073486,10800
2203,5.501499652862549,5.84499979019165,2009-04-01,6.130000114440918,5.5,5.699999809265137,63600
2204,5.501499652862549,5.84499979019165,2009-03-31,6.0,5.84499979019165,5.985000133514404,13200
2205,5.647390842437744,6.0,2009-03-30,6.0,5.84499979019165,5.84499979019165,3400
2206,5.6003289222717285,5.949999809265137,2009-03-27,6.135000228881836,5.625,5.929999828338623,17600
2207,5.534442901611328,5.880000114440918,2009-03-26,5.880000114440918,5.880000114440918,5.880000114440918,400
2208,5.765044689178467,6.125,2009-03-25,6.300000190734863,5.625,6.295000076293945,14000
2209,5.553267478942871,5.900000095367432,2009-03-24,6.0,5.75,6.0,15800
2210,5.765044689178467,6.125,2009-03-23,6.170000076293945,6.010000228881836,6.125,25400
2211,5.802693843841553,6.164999961853027,2009-03-20,6.164999961853027,6.125,6.150000095367432,4000
2212,5.779162883758545,6.139999866485596,2009-03-19,6.175000190734863,6.03000020980835,6.03000020980835,12800
2213,5.670921802520752,6.025000095367432,2009-03-18,6.025000095367432,5.75,5.75,8400
2214,5.529736518859863,5.875,2009-03-17,5.875,5.875,5.875,0
2215,5.529736518859863,5.875,2009-03-16,5.875,5.625,5.75,13600
2216,5.407376289367676,5.744999885559082,2009-03-13,5.744999885559082,5.550000190734863,5.550000190734863,7400
2217,5.200305938720703,5.525000095367432,2009-03-12,5.550000190734863,5.5,5.5,76000
2218,5.219130516052246,5.545000076293945,2009-03-11,5.545000076293945,5.465000152587891,5.494999885559082,31000
2219,5.209717750549316,5.534999847412109,2009-03-10,5.534999847412109,5.480000019073486,5.480000019073486,45800
2220,5.162656307220459,5.485000133514404,2009-03-09,5.489999771118164,5.0,5.400000095367432,15400
2221,5.087357997894287,5.40500020980835,2009-03-06,5.5,5.40500020980835,5.485000133514404,96800
2222,5.1720685958862305,5.494999885559082,2009-03-05,5.494999885559082,5.445000171661377,5.489999771118164,72000
2223,5.167362213134766,5.489999771118164,2009-03-04,5.545000076293945,5.485000133514404,5.545000076293945,23000
2224,5.176774978637695,5.5,2009-03-03,5.5,5.400000095367432,5.400000095367432,12600
2225,5.1532440185546875,5.474999904632568,2009-03-02,5.480000019073486,5.425000190734863,5.440000057220459,139800
2226,5.1720685958862305,5.494999885559082,2009-02-27,5.494999885559082,5.494999885559082,5.494999885559082,400
2227,5.1720685958862305,5.494999885559082,2009-02-26,5.494999885559082,5.375,5.375,13000
2228,5.1720685958862305,5.494999885559082,2009-02-25,5.525000095367432,5.324999809265137,5.324999809265137,12200
2229,5.12971305847168,5.449999809265137,2009-02-24,5.525000095367432,5.449999809265137,5.465000152587891,15800
2230,5.162656307220459,5.485000133514404,2009-02-23,5.534999847412109,5.425000190734863,5.440000057220459,70000
2231,4.852049827575684,5.15500020980835,2009-02-20,5.46999979019165,5.010000228881836,5.300000190734863,61400
2232,4.988528728485107,5.300000190734863,2009-02-19,5.5,5.300000190734863,5.349999904632568,13200
2233,5.0402960777282715,5.355000019073486,2009-02-18,5.355000019073486,5.125,5.125,144600
2234,4.781457424163818,5.079999923706055,2009-02-17,5.125,5.03000020980835,5.03000020980835,11800
2235,4.800282001495361,5.099999904632568,2009-02-13,5.099999904632568,5.025000095367432,5.039999961853027,5000
2236,4.823812961578369,5.125,2009-02-12,5.125,5.114999771118164,5.125,18400
2237,4.847343921661377,5.150000095367432,2009-02-11,5.244999885559082,5.059999942779541,5.085000038146973,14200
2238,4.828519344329834,5.130000114440918,2009-02-10,5.224999904632568,5.130000114440918,5.135000228881836,10200
2239,4.85675573348999,5.159999847412109,2009-02-09,5.244999885559082,5.130000114440918,5.170000076293945,11600
2240,4.861462116241455,5.164999961853027,2009-02-06,5.340000152587891,5.045000076293945,5.045000076293945,9200
2241,4.86616849899292,5.170000076293945,2009-02-05,5.170000076293945,5.125,5.125,13400
2242,4.894404888153076,5.199999809265137,2009-02-04,5.199999809265137,5.199999809265137,5.199999809265137,0
2243,4.894404888153076,5.199999809265137,2009-02-03,5.329999923706055,5.125,5.125,11200
2244,4.884993076324463,5.190000057220459,2009-02-02,5.190000057220459,5.130000114440918,5.139999866485596,8200
2245,5.016765117645264,5.329999923706055,2009-01-30,5.329999923706055,5.255000114440918,5.255000114440918,1600
2246,4.9649977684021,5.275000095367432,2009-01-29,5.360000133514404,5.239999771118164,5.360000133514404,6800
2247,4.819106578826904,5.119999885559082,2009-01-28,5.304999828338623,5.119999885559082,5.300000190734863,16200
2248,4.946173191070557,5.255000114440918,2009-01-27,5.385000228881836,5.190000057220459,5.230000019073486,44200
2249,4.85675573348999,5.159999847412109,2009-01-26,5.215000152587891,5.159999847412109,5.215000152587891,9400
2250,4.847343921661377,5.150000095367432,2009-01-23,5.150000095367432,5.135000228881836,5.139999866485596,8000
2251,4.894404888153076,5.199999809265137,2009-01-22,5.199999809265137,5.114999771118164,5.125,69600
2252,4.86616849899292,5.170000076293945,2009-01-21,5.224999904632568,5.125,5.125,20200
2253,4.847343921661377,5.150000095367432,2009-01-20,5.230000019073486,5.130000114440918,5.230000019073486,15000
2254,4.922642230987549,5.230000019073486,2009-01-16,5.304999828338623,5.204999923706055,5.204999923706055,9600
2255,4.917935848236084,5.224999904632568,2009-01-15,5.275000095367432,5.199999809265137,5.204999923706055,31200
2256,4.894404888153076,5.199999809265137,2009-01-14,5.275000095367432,5.199999809265137,5.275000095367432,10000
2257,4.941466808319092,5.25,2009-01-13,5.480000019073486,5.175000190734863,5.480000019073486,108800
2258,4.946173191070557,5.255000114440918,2009-01-12,5.315000057220459,5.25,5.289999961853027,35000
2259,5.049708366394043,5.364999771118164,2009-01-09,5.5,5.34499979019165,5.46999979019165,17400
2260,5.0026469230651855,5.315000057220459,2009-01-08,5.315000057220459,5.300000190734863,5.300000190734863,600
2261,5.1344194412231445,5.454999923706055,2009-01-07,5.454999923706055,5.454999923706055,5.454999923706055,0
2262,5.1344194412231445,5.454999923706055,2009-01-06,5.485000133514404,5.175000190734863,5.425000190734863,15800
2263,5.0026469230651855,5.315000057220459,2009-01-05,5.375,5.244999885559082,5.375,59800
2264,5.0591206550598145,5.375,2009-01-02,5.375,5.349999904632568,5.369999885559082,11600
2265,4.946173191070557,5.255000114440918,2008-12-31,5.335000038146973,5.25,5.25,86000
2266,4.979115962982178,5.289999961853027,2008-12-30,5.369999885559082,5.125,5.125,46000
2267,4.852049827575684,5.15500020980835,2008-12-29,5.15500020980835,5.114999771118164,5.15500020980835,110800
2268,4.85675573348999,5.159999847412109,2008-12-26,5.159999847412109,5.019999980926514,5.019999980926514,4000
2269,4.823812961578369,5.125,2008-12-24,5.159999847412109,5.079999923706055,5.079999923706055,3400
2270,4.720277309417725,5.014999866485596,2008-12-23,5.375,4.994999885559082,5.230000019073486,31600
2271,4.85675573348999,5.159999847412109,2008-12-22,5.329999923706055,5.130000114440918,5.170000076293945,107000
2272,4.833225250244141,5.135000228881836,2008-12-19,5.175000190734863,5.135000228881836,5.15500020980835,3000
2273,5.049708366394043,5.364999771118164,2008-12-18,5.364999771118164,5.090000152587891,5.105000019073486,83600
2274,4.917935848236084,5.224999904632568,2008-12-17,5.244999885559082,5.224999904632568,5.244999885559082,5000
2275,4.983822345733643,5.295000076293945,2008-12-16,5.295000076293945,5.079999923706055,5.079999923706055,3200
2276,4.9508795738220215,5.260000228881836,2008-12-15,5.260000228881836,5.260000228881836,5.260000228881836,400
2277,4.823812961578369,5.125,2008-12-12,5.190000057220459,5.025000095367432,5.025000095367432,29800
2278,4.772045135498047,5.070000171661377,2008-12-11,5.070000171661377,5.070000171661377,5.070000171661377,4800
2279,4.946173191070557,5.255000114440918,2008-12-10,5.300000190734863,5.255000114440918,5.300000190734863,3800
2280,4.739101886749268,5.034999847412109,2008-12-09,5.34499979019165,5.025000095367432,5.025000095367432,5000
2281,5.120300769805908,5.440000057220459,2008-12-08,5.480000019073486,5.03000020980835,5.400000095367432,21400
2282,5.120300769805908,5.440000057220459,2008-12-05,5.440000057220459,5.440000057220459,5.440000057220459,200
2283,4.927348613739014,5.235000133514404,2008-12-04,5.239999771118164,5.230000019073486,5.230000019073486,26000
2284,4.927348613739014,5.235000133514404,2008-12-03,5.400000095367432,5.0,5.0,9000
2285,4.739101886749268,5.034999847412109,2008-12-02,5.034999847412109,5.0,5.0,41800
2286,4.823812961578369,5.125,2008-12-01,5.340000152587891,4.994999885559082,4.994999885559082,20800
2287,4.597917556762695,4.885000228881836,2008-11-28,4.885000228881836,4.75,4.885000228881836,7800
2288,4.475557327270508,4.755000114440918,2008-11-26,4.760000228881836,4.75,4.75,8200
2289,4.470850944519043,4.75,2008-11-25,4.994999885559082,4.625,4.75,203200
2290,4.235543251037598,4.5,2008-11-24,4.744999885559082,4.375,4.380000114440918,11200
2291,4.268486022949219,4.534999847412109,2008-11-21,4.965000152587891,4.534999847412109,4.724999904632568,251600
2292,4.456732749938965,4.735000133514404,2008-11-20,4.784999847412109,4.675000190734863,4.775000095367432,34800
2293,4.564974308013916,4.849999904632568,2008-11-19,4.849999904632568,4.800000190734863,4.800000190734863,59400
2294,4.659097194671631,4.949999809265137,2008-11-18,4.949999809265137,4.75,4.849999904632568,11000
2295,4.5743865966796875,4.860000133514404,2008-11-17,4.925000190734863,4.75,4.775000095367432,39000
2296,4.480263710021973,4.760000228881836,2008-11-14,4.760000228881836,4.550000190734863,4.550000190734863,22400
2297,4.268486022949219,4.534999847412109,2008-11-13,4.619999885559082,4.304999828338623,4.375,31200
2298,4.000235080718994,4.25,2008-11-12,4.349999904632568,4.159999847412109,4.175000190734863,25400
2299,3.9531733989715576,4.199999809265137,2008-11-11,4.300000190734863,4.15500020980835,4.184999942779541,41200
2300,3.929642915725708,4.175000190734863,2008-11-10,4.190000057220459,4.15500020980835,4.190000057220459,7000
2301,3.9155240058898926,4.159999847412109,2008-11-07,4.199999809265137,4.15500020980835,4.175000190734863,7000
2302,3.9578795433044434,4.204999923706055,2008-11-06,4.300000190734863,4.204999923706055,4.275000095367432,6600
2303,4.023766040802002,4.275000095367432,2008-11-05,4.275000095367432,4.275000095367432,4.275000095367432,0
2304,4.023766040802002,4.275000095367432,2008-11-04,4.715000152587891,4.275000095367432,4.684999942779541,2000
2305,4.052002906799316,4.304999828338623,2008-11-03,4.304999828338623,4.15500020980835,4.15500020980835,2400
2306,3.910818338394165,4.15500020980835,2008-10-31,4.230000019073486,3.944999933242798,3.944999933242798,11000
2307,3.8590502738952637,4.099999904632568,2008-10-30,4.099999904632568,4.074999809265137,4.074999809265137,101200
2308,3.7696335315704346,4.005000114440918,2008-10-29,4.349999904632568,3.940000057220459,4.119999885559082,3200
2309,4.000235080718994,4.25,2008-10-28,4.260000228881836,3.940000057220459,4.260000228881836,19600
2310,3.873168706893921,4.114999771118164,2008-10-27,4.260000228881836,4.025000095367432,4.255000114440918,15200
2311,4.117888927459717,4.375,2008-10-24,4.420000076293945,4.25,4.420000076293945,32200
2312,4.3484907150268555,4.619999885559082,2008-10-23,4.619999885559082,4.389999866485596,4.389999866485596,1400
2313,4.132007598876953,4.389999866485596,2008-10-22,4.389999866485596,4.389999866485596,4.389999866485596,800
2314,4.301429271697998,4.570000171661377,2008-10-21,4.695000171661377,4.385000228881836,4.695000171661377,19000
2315,4.4614386558532715,4.739999771118164,2008-10-20,4.875,4.730000019073486,4.875,6400
2316,4.583798885345459,4.869999885559082,2008-10-17,4.869999885559082,4.710000038146973,4.710000038146973,11200
2317,4.381433963775635,4.65500020980835,2008-10-16,4.949999809265137,4.5,4.925000190734863,2800
2318,4.386139869689941,4.659999847412109,2008-10-15,4.775000095367432,4.625,4.775000095367432,2000
2319,4.588504791259766,4.875,2008-10-14,5.0,4.875,4.985000133514404,18000
2320,4.357903480529785,4.630000114440918,2008-10-13,5.135000228881836,4.514999866485596,5.135000228881836,1400
2321,3.962585926055908,4.210000038146973,2008-10-10,4.25,3.9749999046325684,4.25,46800
2322,4.117888927459717,4.375,2008-10-09,4.639999866485596,4.369999885559082,4.369999885559082,43800
2323,4.11318302154541,4.369999885559082,2008-10-08,4.369999885559082,4.079999923706055,4.170000076293945,70000
2324,4.117888927459717,4.375,2008-10-07,4.510000228881836,4.369999885559082,4.510000228881836,12800
2325,4.301429271697998,4.570000171661377,2008-10-06,4.909999847412109,4.510000228881836,4.909999847412109,4000
2326,4.734395980834961,5.03000020980835,2008-10-03,5.224999904632568,4.954999923706055,5.014999866485596,2200
2327,4.922642230987549,5.230000019073486,2008-10-02,5.539999961853027,4.880000114440918,5.539999961853027,7400
2328,5.1720685958862305,5.494999885559082,2008-10-01,5.494999885559082,5.485000133514404,5.485000133514404,1000
2329,5.12971305847168,5.449999809265137,2008-09-30,5.545000076293945,5.304999828338623,5.380000114440918,18800
2330,5.176774978637695,5.5,2008-09-29,5.5,4.880000114440918,5.224999904632568,24200
2331,5.10618257522583,5.425000190734863,2008-09-26,5.545000076293945,5.235000133514404,5.275000095367432,34800
2332,5.12971305847168,5.449999809265137,2008-09-25,5.489999771118164,5.139999866485596,5.364999771118164,13200
2333,5.176774978637695,5.5,2008-09-24,5.585000038146973,5.369999885559082,5.574999809265137,38600
2334,5.261486053466797,5.590000152587891,2008-09-23,5.59499979019165,5.590000152587891,5.59499979019165,1400
2335,5.36972713470459,5.704999923706055,2008-09-22,5.724999904632568,5.625,5.724999904632568,6800
2336,5.388551712036133,5.724999904632568,2008-09-19,6.105000019073486,5.625,5.625,18400
2337,5.092063903808594,5.409999847412109,2008-09-18,5.625,5.0,5.605000019073486,18200
2338,5.4167890548706055,5.755000114440918,2008-09-17,6.074999809265137,5.75,5.900000095367432,27600
2339,5.6003289222717285,5.949999809265137,2008-09-16,6.0,5.75,6.0,10000
2340,5.741513729095459,6.099999904632568,2008-09-15,6.315000057220459,5.829999923706055,6.135000228881836,7400
2341,5.7744574546813965,6.135000228881836,2008-09-12,6.230000019073486,6.135000228881836,6.224999904632568,5600
2342,5.8826985359191895,6.25,2008-09-11,6.554999828338623,6.25,6.554999828338623,9000
2343,6.047414302825928,6.425000190734863,2008-09-10,6.675000190734863,6.28000020980835,6.675000190734863,3800
2344,6.296840667724609,6.690000057220459,2008-09-09,6.699999809265137,6.625,6.695000171661377,3000
2345,6.334489822387695,6.730000019073486,2008-09-08,6.824999809265137,6.625,6.630000114440918,10800
2346,6.235660552978516,6.625,2008-09-05,6.699999809265137,6.614999771118164,6.699999809265137,5200
2347,6.390964031219482,6.789999961853027,2008-09-04,6.849999904632568,6.574999809265137,6.735000133514404,6400
2348,6.33919620513916,6.735000133514404,2008-09-03,6.735000133514404,6.349999904632568,6.699999809265137,2200
2349,6.329783916473389,6.724999904632568,2008-09-02,7.0,6.704999923706055,6.900000095367432,40400
2350,6.376845359802246,6.775000095367432,2008-08-29,6.775000095367432,6.625,6.625,2600
2351,6.353314399719238,6.75,2008-08-28,6.775000095367432,6.650000095367432,6.699999809265137,11800
2352,6.329783916473389,6.724999904632568,2008-08-27,6.775000095367432,6.625,6.625,13400
2353,6.329783916473389,6.724999904632568,2008-08-26,6.739999771118164,6.574999809265137,6.739999771118164,10600
2354,6.353314399719238,6.75,2008-08-25,6.75,6.724999904632568,6.75,5200
2355,6.235660552978516,6.625,2008-08-22,6.75,6.550000190734863,6.625,55400
2356,6.118006706237793,6.5,2008-08-21,6.5,6.5,6.5,6000
2357,6.118006706237793,6.5,2008-08-20,6.5,6.400000095367432,6.400000095367432,55400
2358,6.070944786071777,6.449999809265137,2008-08-19,6.449999809265137,6.400000095367432,6.400000095367432,6000
2359,6.02388334274292,6.400000095367432,2008-08-18,6.425000190734863,6.349999904632568,6.425000190734863,49000
2360,6.047414302825928,6.425000190734863,2008-08-15,6.425000190734863,6.25,6.40500020980835,17600
2361,6.070944786071777,6.449999809265137,2008-08-14,6.449999809265137,6.25,6.400000095367432,21400
2362,6.113300323486328,6.494999885559082,2008-08-13,6.494999885559082,6.375,6.375,35000
2363,6.094475746154785,6.474999904632568,2008-08-12,6.5,6.25,6.400000095367432,11600
2364,6.094475746154785,6.474999904632568,2008-08-11,6.5,6.125,6.400000095367432,30600
2365,6.02388334274292,6.400000095367432,2008-08-08,6.400000095367432,6.400000095367432,6.400000095367432,9000
2366,6.02388334274292,6.400000095367432,2008-08-07,6.599999904632568,6.125,6.375,320200
2367,6.02388334274292,6.400000095367432,2008-08-06,6.400000095367432,6.25,6.25,400
2368,6.118006706237793,6.5,2008-08-05,6.5,6.150000095367432,6.5,7000
2369,6.047414302825928,6.425000190734863,2008-08-04,6.425000190734863,6.425000190734863,6.425000190734863,0
2370,6.047414302825928,6.425000190734863,2008-08-01,6.474999904632568,6.289999961853027,6.289999961853027,18000
2371,5.920347690582275,6.289999961853027,2008-07-31,6.289999961853027,6.125,6.125,23400
2372,5.717982769012451,6.074999809265137,2008-07-30,6.275000095367432,6.074999809265137,6.269999980926514,8200
2373,5.901523113250732,6.269999980926514,2008-07-29,6.269999980926514,6.25,6.25,1200
2374,5.901523113250732,6.269999980926514,2008-07-28,6.599999904632568,6.125,6.375,5200
2375,6.00035285949707,6.375,2008-07-25,6.375,6.25,6.375,2400
2376,5.8826985359191895,6.25,2008-07-24,6.375,6.0,6.25,6000
2377,5.741513729095459,6.099999904632568,2008-07-23,6.349999904632568,5.875,5.875,3600
2378,5.670921802520752,6.025000095367432,2008-07-22,6.025000095367432,5.849999904632568,5.849999904632568,6000
2379,5.529736518859863,5.875,2008-07-21,5.875,5.849999904632568,5.849999904632568,5200
2380,5.529736518859863,5.875,2008-07-18,5.875,5.875,5.875,1800
2381,5.506206035614014,5.849999904632568,2008-07-17,6.0,5.505000114440918,5.505000114440918,12200
2382,5.412082672119141,5.75,2008-07-16,5.75,5.505000114440918,5.75,3200
2383,5.412082672119141,5.75,2008-07-15,5.75,5.75,5.75,1400
2384,5.623859882354736,5.974999904632568,2008-07-14,6.025000095367432,5.635000228881836,5.635000228881836,5600
2385,5.647390842437744,6.0,2008-07-11,6.025000095367432,5.375,6.025000095367432,5200
2386,5.647390842437744,6.0,2008-07-10,6.005000114440918,6.0,6.005000114440918,2200
2387,5.722689151763916,6.079999923706055,2008-07-09,6.079999923706055,6.074999809265137,6.079999923706055,2600
2388,5.722689151763916,6.079999923706055,2008-07-08,6.224999904632568,6.074999809265137,6.074999809265137,8600
2389,5.717982769012451,6.074999809265137,2008-07-07,6.150000095367432,6.074999809265137,6.150000095367432,800
2390,6.00035285949707,6.375,2008-07-03,6.375,6.074999809265137,6.074999809265137,600
2391,6.00035285949707,6.375,2008-07-02,6.775000095367432,5.800000190734863,6.760000228881836,10200
2392,6.518030166625977,6.925000190734863,2008-07-01,6.925000190734863,6.75,6.800000190734863,7400
2393,6.367433071136475,6.764999866485596,2008-06-30,6.764999866485596,6.764999866485596,6.764999866485596,4600
2394,6.282722473144531,6.675000190734863,2008-06-27,6.675000190734863,6.675000190734863,6.675000190734863,6800
2395,6.259191513061523,6.650000095367432,2008-06-26,6.75,6.625,6.75,15800
2396,6.353314399719238,6.75,2008-06-25,6.800000190734863,6.75,6.800000190734863,16800
2397,6.400376319885254,6.800000190734863,2008-06-24,6.800000190734863,6.75,6.75,19600
2398,6.447437763214111,6.849999904632568,2008-06-23,6.849999904632568,6.849999904632568,6.849999904632568,1200
2399,6.306252956390381,6.699999809265137,2008-06-20,6.730000019073486,6.650000095367432,6.650000095367432,14200
2400,6.263897895812988,6.65500020980835,2008-06-19,6.875,6.65500020980835,6.75,15800
2401,6.353314399719238,6.75,2008-06-18,6.900000095367432,6.75,6.900000095367432,12200
2402,6.353314399719238,6.75,2008-06-17,6.900000095367432,6.75,6.869999885559082,14600
2403,6.494499206542969,6.900000095367432,2008-06-16,6.900000095367432,6.650000095367432,6.699999809265137,11400
2404,6.306252956390381,6.699999809265137,2008-06-13,6.699999809265137,6.510000228881836,6.550000190734863,16200
2405,6.1885986328125,6.574999809265137,2008-06-12,6.574999809265137,6.375,6.375,31400
2406,5.765044689178467,6.125,2008-06-11,6.25,5.775000095367432,5.900000095367432,24600
2407,5.6003289222717285,5.949999809265137,2008-06-10,5.949999809265137,5.349999904632568,5.375,46200
2408,5.0591206550598145,5.375,2008-06-09,5.449999809265137,5.324999809265137,5.375,31200
2409,5.12971305847168,5.449999809265137,2008-06-06,5.599999904632568,5.28000020980835,5.505000114440918,20200
2410,5.223836421966553,5.550000190734863,2008-06-05,5.650000095367432,5.505000114440918,5.505000114440918,18200
2411,5.294428825378418,5.625,2008-06-04,5.724999904632568,5.514999866485596,5.625,15000
2412,5.388551712036133,5.724999904632568,2008-06-03,5.800000190734863,5.505000114440918,5.739999771118164,40000
2413,5.42149543762207,5.760000228881836,2008-06-02,5.829999923706055,5.735000133514404,5.829999923706055,20200
2414,5.6003289222717285,5.949999809265137,2008-05-30,5.949999809265137,5.824999809265137,5.829999923706055,27000
2415,5.6003289222717285,5.949999809265137,2008-05-29,5.974999904632568,5.625,5.630000114440918,25400
2416,5.412082672119141,5.75,2008-05-28,5.75,5.554999828338623,5.554999828338623,42000
2417,5.27089786529541,5.599999904632568,2008-05-27,5.599999904632568,5.539999961853027,5.585000038146973,22000
2418,5.412082672119141,5.75,2008-05-23,5.875,5.525000095367432,5.849999904632568,50400
2419,5.609741687774658,5.960000038146973,2008-05-22,5.960000038146973,5.925000190734863,5.960000038146973,8000
2420,5.647390842437744,6.0,2008-05-21,6.0,5.925000190734863,5.960000038146973,11000
2421,5.647390842437744,6.0,2008-05-20,6.0,5.949999809265137,5.949999809265137,11400
2422,5.647390842437744,6.0,2008-05-19,6.059999942779541,5.75,6.025000095367432,20000
2423,5.670921802520752,6.025000095367432,2008-05-16,6.150000095367432,6.025000095367432,6.150000095367432,19200
2424,5.765044689178467,6.125,2008-05-15,6.175000190734863,6.010000228881836,6.025000095367432,17800
2425,5.694452285766602,6.050000190734863,2008-05-14,6.099999904632568,5.90500020980835,5.90500020980835,6000
2426,5.807400226593018,6.170000076293945,2008-05-13,6.170000076293945,5.875,5.900000095367432,11200
2427,5.717982769012451,6.074999809265137,2008-05-12,6.5,5.900000095367432,6.449999809265137,49800
2428,6.00035285949707,6.375,2008-05-09,6.5,6.125,6.255000114440918,25200
2429,6.02388334274292,6.400000095367432,2008-05-08,6.400000095367432,6.25,6.380000114440918,15000
2430,6.005058765411377,6.380000114440918,2008-05-07,6.625,6.380000114440918,6.625,7400
2431,5.981527805328369,6.355000019073486,2008-05-06,6.375,6.304999828338623,6.315000057220459,42000
2432,6.118006706237793,6.5,2008-05-05,6.5,6.25,6.474999904632568,42800
2433,6.1885986328125,6.574999809265137,2008-05-02,6.599999904632568,6.449999809265137,6.5,16000
2434,6.301547050476074,6.695000171661377,2008-05-01,6.695000171661377,6.525000095367432,6.650000095367432,3400
2435,6.301547050476074,6.695000171661377,2008-04-30,6.75,6.554999828338623,6.75,12000
2436,6.2921342849731445,6.684999942779541,2008-04-29,6.75,6.275000095367432,6.699999809265137,39400
2437,6.400376319885254,6.800000190734863,2008-04-28,6.949999809265137,6.5,6.5,14600
2438,6.235660552978516,6.625,2008-04-25,6.625,6.5,6.5,4600
2439,6.118006706237793,6.5,2008-04-24,6.5,6.375,6.449999809265137,14200
2440,6.118006706237793,6.5,2008-04-23,6.599999904632568,6.375,6.375,13400
2441,6.00035285949707,6.375,2008-04-22,6.5,6.125,6.494999885559082,17200
2442,6.118006706237793,6.5,2008-04-21,6.775000095367432,6.5,6.699999809265137,23600
2443,6.259191513061523,6.650000095367432,2008-04-18,6.699999809265137,6.550000190734863,6.699999809265137,33600
2444,6.235660552978516,6.625,2008-04-17,6.625,6.0,6.119999885559082,45200
2445,5.647390842437744,6.0,2008-04-16,6.244999885559082,5.400000095367432,5.425000190734863,84200
2446,5.0591206550598145,5.375,2008-04-15,5.400000095367432,5.25,5.400000095367432,12000
2447,5.012059211730957,5.324999809265137,2008-04-14,5.400000095367432,5.324999809265137,5.400000095367432,3000
2448,5.082651615142822,5.400000095367432,2008-04-11,5.400000095367432,5.255000114440918,5.360000133514404,7200
2449,5.10618257522583,5.425000190734863,2008-04-10,5.425000190734863,5.255000114440918,5.300000190734863,23200
2450,5.082651615142822,5.400000095367432,2008-04-09,5.400000095367432,5.275000095367432,5.275000095367432,7600
2451,5.035590171813965,5.349999904632568,2008-04-08,5.349999904632568,5.0,5.0,43200
2452,4.7061591148376465,5.0,2008-04-07,5.0,4.909999847412109,4.925000190734863,19000
2453,4.541443347930908,4.824999809265137,2008-04-04,4.824999809265137,4.699999809265137,4.75,13400
2454,4.517912864685059,4.800000190734863,2008-04-03,4.800000190734863,4.675000190734863,4.75,22600
2455,4.494381904602051,4.775000095367432,2008-04-02,4.900000095367432,4.75,4.775000095367432,18600
2456,4.470850944519043,4.75,2008-04-01,4.75,4.625,4.625,34600
2457,4.3296661376953125,4.599999904632568,2008-03-31,4.724999904632568,4.525000095367432,4.625,62600
2458,4.235543251037598,4.5,2008-03-28,4.5,4.5,4.5,1200
2459,4.3484907150268555,4.619999885559082,2008-03-27,4.619999885559082,4.5,4.5,800
2460,4.27789831161499,4.545000076293945,2008-03-26,4.545000076293945,4.5,4.5,2000
2461,4.35319709777832,4.625,2008-03-25,4.625,4.625,4.625,800
2462,4.235543251037598,4.5,2008-03-24,4.650000095367432,4.5,4.5,7400
2463,4.400259017944336,4.675000190734863,2008-03-20,4.675000190734863,4.675000190734863,4.675000190734863,400
2464,4.35319709777832,4.625,2008-03-19,4.625,4.625,4.625,0
2465,4.35319709777832,4.625,2008-03-18,4.625,4.474999904632568,4.5,25400
2466,4.282604694366455,4.550000190734863,2008-03-17,4.554999828338623,4.375,4.554999828338623,36200
2467,4.447319984436035,4.724999904632568,2008-03-14,4.724999904632568,4.724999904632568,4.724999904632568,600
2468,4.282604694366455,4.550000190734863,2008-03-13,4.699999809265137,4.474999904632568,4.474999904632568,5800
2469,4.423789024353027,4.699999809265137,2008-03-12,4.75,4.5,4.5,3200
2470,4.423789024353027,4.699999809265137,2008-03-11,4.699999809265137,4.474999904632568,4.474999904632568,5200
2471,4.117888927459717,4.375,2008-03-10,4.550000190734863,4.275000095367432,4.449999809265137,16600
2472,4.282604694366455,4.550000190734863,2008-03-07,4.550000190734863,4.474999904632568,4.5,58400
2473,4.188481330871582,4.449999809265137,2008-03-06,4.625,4.449999809265137,4.625,48200
2474,4.470850944519043,4.75,2008-03-05,4.75,4.75,4.75,39000
2475,4.470850944519043,4.75,2008-03-04,5.0,4.5,4.775000095367432,53000
2476,4.79086971282959,5.090000152587891,2008-03-03,5.090000152587891,4.800000190734863,4.980000019073486,11600
2477,4.7061591148376465,5.0,2008-02-29,5.079999923706055,5.0,5.050000190734863,25400
2478,4.7061591148376465,5.0,2008-02-28,5.059999942779541,4.974999904632568,5.0,26400
2479,4.79086971282959,5.090000152587891,2008-02-27,5.090000152587891,4.949999809265137,4.974999904632568,7200
2480,4.701452732086182,4.994999885559082,2008-02-26,5.074999809265137,4.994999885559082,5.025000095367432,12600
2481,4.79086971282959,5.090000152587891,2008-02-25,5.090000152587891,4.75,4.75,6800
2482,4.786163806915283,5.085000038146973,2008-02-22,5.090000152587891,4.775000095367432,5.090000152587891,10000
2483,4.786163806915283,5.085000038146973,2008-02-21,5.150000095367432,5.005000114440918,5.099999904632568,44800
2484,4.7955756187438965,5.09499979019165,2008-02-20,5.09499979019165,4.900000095367432,4.980000019073486,9400
2485,4.7061591148376465,5.0,2008-02-19,5.050000190734863,4.900000095367432,5.005000114440918,39800
2486,4.710865020751953,5.005000114440918,2008-02-15,5.005000114440918,4.974999904632568,5.0,22000
2487,4.616742134094238,4.90500020980835,2008-02-14,5.125,4.90500020980835,5.074999809265137,11600
2488,4.7061591148376465,5.0,2008-02-13,5.050000190734863,4.900000095367432,4.900000095367432,78600
2489,4.7061591148376465,5.0,2008-02-12,5.050000190734863,4.800000190734863,4.800000190734863,51600
2490,4.517912864685059,4.800000190734863,2008-02-11,4.800000190734863,4.699999809265137,4.795000076293945,28600
2491,4.470850944519043,4.75,2008-02-08,4.900000095367432,4.449999809265137,4.900000095367432,61800
2492,4.117888927459717,4.375,2008-02-07,4.869999885559082,4.375,4.625,5600
2493,4.466144561767578,4.744999885559082,2008-02-06,4.795000076293945,4.699999809265137,4.699999809265137,9000
2494,4.569680213928223,4.855000019073486,2008-02-05,4.855000019073486,4.675000190734863,4.855000019073486,5400
2495,4.569680213928223,4.855000019073486,2008-02-04,4.855000019073486,4.855000019073486,4.855000019073486,3400
2496,4.569680213928223,4.855000019073486,2008-02-01,4.974999904632568,4.855000019073486,4.914999961853027,7000
2497,4.62615442276001,4.914999961853027,2008-01-31,4.914999961853027,4.835000038146973,4.835000038146973,13200
2498,4.612035751342773,4.900000095367432,2008-01-30,4.900000095367432,4.599999904632568,4.599999904632568,20800
2499,4.447319984436035,4.724999904632568,2008-01-29,4.724999904632568,4.579999923706055,4.625,6600
2500,4.292016983032227,4.559999942779541,2008-01-28,4.625,4.5,4.5,12400
2501,4.235543251037598,4.5,2008-01-25,4.625,4.380000114440918,4.380000114440918,6000
2502,4.235543251037598,4.5,2008-01-24,4.550000190734863,4.375,4.375,13800
2503,4.282604694366455,4.550000190734863,2008-01-23,4.625,4.389999866485596,4.389999866485596,16400
2504,4.282604694366455,4.550000190734863,2008-01-22,4.625,4.5,4.5,17200
2505,4.3296661376953125,4.599999904632568,2008-01-18,4.625,4.550000190734863,4.625,13800
2506,4.3296661376953125,4.599999904632568,2008-01-17,4.625,4.599999904632568,4.625,7000
2507,4.35319709777832,4.625,2008-01-16,4.625,4.599999904632568,4.599999904632568,3800
2508,4.494381904602051,4.775000095367432,2008-01-15,4.800000190734863,4.65500020980835,4.675000190734863,9200
2509,4.404964447021484,4.679999828338623,2008-01-14,4.800000190734863,4.5,4.5,16600
2510,4.235543251037598,4.5,2008-01-11,4.505000114440918,4.5,4.505000114440918,12800
2511,4.35319709777832,4.625,2008-01-10,4.625,4.5,4.5,8200
2512,4.35319709777832,4.625,2008-01-09,4.625,4.375,4.375,31400
2513,4.188481330871582,4.449999809265137,2008-01-08,4.449999809265137,4.375,4.375,16800
2514,4.117888927459717,4.375,2008-01-07,4.5,4.369999885559082,4.369999885559082,12600
2515,4.3296661376953125,4.599999904632568,2008-01-04,4.650000095367432,4.369999885559082,4.650000095367432,13000
2516,4.35319709777832,4.625,2008-01-03,4.75,4.369999885559082,4.625,4200
2517,4.35319709777832,4.625,2008-01-02,4.625,4.425000190734863,4.525000095367432,8400
2518,4.55085563659668,4.835000038146973,2007-12-31,4.835000038146973,4.425000190734863,4.425000190734863,34400
2519,4.164950847625732,4.425000190734863,2007-12-28,4.5,4.349999904632568,4.389999866485596,12600
2520,4.254367828369141,4.519999980926514,2007-12-27,4.519999980926514,4.349999904632568,4.514999866485596,23800
2521,4.27789831161499,4.545000076293945,2007-12-26,4.545000076293945,4.5,4.505000114440918,24800
2522,4.235543251037598,4.5,2007-12-24,4.5,4.349999904632568,4.349999904632568,41800
2523,4.235543251037598,4.5,2007-12-21,4.75,4.5,4.505000114440918,19000
2524,4.235543251037598,4.5,2007-12-20,4.989999771118164,4.375,4.375,19400
2525,4.235543251037598,4.5,2007-12-19,4.565000057220459,4.25,4.53000020980835,33800
2526,4.259073734283447,4.525000095367432,2007-12-18,4.525000095367432,4.25,4.5,44000
2527,4.235543251037598,4.5,2007-12-17,4.5,4.139999866485596,4.139999866485596,40400
2528,4.259073734283447,4.525000095367432,2007-12-14,4.574999809265137,4.5,4.5,38400
2529,4.3296661376953125,4.599999904632568,2007-12-13,4.875,4.525000095367432,4.525000095367432,48200
2530,4.588504791259766,4.875,2007-12-12,5.0,4.875,4.929999828338623,28000
2531,4.659097194671631,4.949999809265137,2007-12-11,4.949999809265137,4.949999809265137,4.949999809265137,3200
2532,4.7061591148376465,5.0,2007-12-10,5.0,4.929999828338623,4.929999828338623,4600
2533,4.7061591148376465,5.0,2007-12-07,5.0,4.875,4.880000114440918,10800
2534,4.729689598083496,5.025000095367432,2007-12-06,5.125,4.875,5.125,31600
2535,4.800282001495361,5.099999904632568,2007-12-05,5.125,5.059999942779541,5.105000019073486,32400
2536,4.936760425567627,5.244999885559082,2007-12-04,5.244999885559082,5.070000171661377,5.070000171661377,6400
2537,4.93205451965332,5.239999771118164,2007-12-03,5.244999885559082,5.065000057220459,5.065000057220459,2400
2538,4.936760425567627,5.244999885559082,2007-11-30,5.244999885559082,5.054999828338623,5.054999828338623,2800
2539,4.936760425567627,5.244999885559082,2007-11-29,5.244999885559082,5.050000190734863,5.050000190734863,4200
2540,4.917935848236084,5.224999904632568,2007-11-28,5.244999885559082,5.0,5.125,32400
2541,4.884993076324463,5.190000057220459,2007-11-27,5.25,5.190000057220459,5.244999885559082,16600
2542,4.936760425567627,5.244999885559082,2007-11-26,5.244999885559082,5.244999885559082,5.244999885559082,4400
2543,4.936760425567627,5.244999885559082,2007-11-23,5.25,5.0,5.244999885559082,5600
2544,4.936760425567627,5.244999885559082,2007-11-21,5.244999885559082,5.150000095367432,5.150000095367432,2400
2545,4.847343921661377,5.150000095367432,2007-11-20,5.25,5.150000095367432,5.150000095367432,7200
2546,4.847343921661377,5.150000095367432,2007-11-19,5.150000095367432,5.005000114440918,5.005000114440918,4400
2547,4.941466808319092,5.25,2007-11-16,5.25,5.099999904632568,5.099999904632568,4800
2548,4.941466808319092,5.25,2007-11-15,5.25,5.074999809265137,5.099999904632568,29800
2549,4.894404888153076,5.199999809265137,2007-11-14,5.264999866485596,5.0,5.0,19200
2550,4.753220558166504,5.050000190734863,2007-11-13,5.125,5.005000114440918,5.099999904632568,36000
2551,4.800282001495361,5.099999904632568,2007-11-12,5.125,5.0,5.014999866485596,30800
2552,4.800282001495361,5.099999904632568,2007-11-09,5.099999904632568,5.0,5.0,30200
2553,4.517912864685059,4.800000190734863,2007-11-08,5.0,4.800000190734863,5.0,13800
2554,4.95558500289917,5.264999866485596,2007-11-07,5.264999866485596,4.900000095367432,4.900000095367432,20400
2555,4.612035751342773,4.900000095367432,2007-11-06,4.900000095367432,4.900000095367432,4.900000095367432,1200
2556,4.612035751342773,4.900000095367432,2007-11-05,5.25,4.775000095367432,4.775000095367432,12200
2557,4.941466808319092,5.25,2007-11-02,5.25,5.25,5.25,0
2558,4.941466808319092,5.25,2007-11-01,5.269999980926514,4.625,5.224999904632568,16000
2559,4.93205451965332,5.239999771118164,2007-10-31,5.244999885559082,4.949999809265137,4.949999809265137,9400
2560,4.847343921661377,5.150000095367432,2007-10-30,5.150000095367432,4.900000095367432,4.900000095367432,10400
2561,4.9649977684021,5.275000095367432,2007-10-29,5.275000095367432,5.099999904632568,5.099999904632568,4600
2562,4.941466808319092,5.25,2007-10-26,5.25,5.050000190734863,5.099999904632568,10600
2563,4.847343921661377,5.150000095367432,2007-10-25,5.175000190734863,5.0,5.125,14000
2564,4.823812961578369,5.125,2007-10-24,5.125,5.0,5.0,11600
2565,4.753220558166504,5.050000190734863,2007-10-23,5.119999885559082,5.0,5.0,9400
2566,4.7061591148376465,5.0,2007-10-22,5.025000095367432,4.625,4.625,10200
2567,4.659097194671631,4.949999809265137,2007-10-19,5.0,4.949999809265137,4.949999809265137,8000
2568,4.819106578826904,5.119999885559082,2007-10-18,5.119999885559082,4.900000095367432,4.900000095367432,5800
2569,4.612035751342773,4.900000095367432,2007-10-17,5.0,4.900000095367432,5.0,1600
2570,4.7061591148376465,5.0,2007-10-16,5.119999885559082,4.65500020980835,4.65500020980835,9000
2571,4.588504791259766,4.875,2007-10-15,5.130000114440918,4.650000095367432,5.130000114440918,14600
2572,4.823812961578369,5.125,2007-10-12,5.125,4.875,4.875,4000
2573,4.823812961578369,5.125,2007-10-11,5.375,5.025000095367432,5.025000095367432,18600
2574,4.800282001495361,5.099999904632568,2007-10-10,5.099999904632568,5.0,5.0,71000
2575,4.800282001495361,5.099999904632568,2007-10-09,5.099999904632568,4.775000095367432,4.775000095367432,57800
2576,4.588504791259766,4.875,2007-10-08,5.0,4.650000095367432,4.650000095367432,8800
2577,4.588504791259766,4.875,2007-10-05,4.875,4.599999904632568,4.599999904632568,45800
2578,4.376728057861328,4.650000095367432,2007-10-04,4.650000095367432,4.5,4.5,80200
2579,4.3296661376953125,4.599999904632568,2007-10-03,4.599999904632568,4.449999809265137,4.449999809265137,17400
2580,4.21201229095459,4.474999904632568,2007-10-02,4.474999904632568,4.349999904632568,4.400000095367432,36400
2581,4.132007598876953,4.389999866485596,2007-10-01,4.400000095367432,4.300000190734863,4.400000095367432,62800
2582,4.141419887542725,4.400000095367432,2007-09-28,4.400000095367432,4.275000095367432,4.275000095367432,67400
2583,4.04729700088501,4.300000190734863,2007-09-27,4.375,4.300000190734863,4.375,82400
2584,4.04729700088501,4.300000190734863,2007-09-26,4.375,4.25,4.300000190734863,84000
2585,4.117888927459717,4.375,2007-09-25,4.525000095367432,4.300000190734863,4.525000095367432,16400
2586,4.259073734283447,4.525000095367432,2007-09-24,4.625,4.525000095367432,4.525000095367432,1400
2587,4.423789024353027,4.699999809265137,2007-09-21,4.699999809265137,4.525000095367432,4.525000095367432,8200
2588,4.376728057861328,4.650000095367432,2007-09-20,4.650000095367432,4.375,4.375,2600
2589,4.282604694366455,4.550000190734863,2007-09-19,4.574999809265137,4.425000190734863,4.5,10000
2590,4.235543251037598,4.5,2007-09-18,4.5,4.375,4.400000095367432,38600
2591,4.141419887542725,4.400000095367432,2007-09-17,4.425000190734863,4.125,4.25,17200
2592,4.164950847625732,4.425000190734863,2007-09-14,4.425000190734863,4.25,4.364999771118164,6200
2593,4.11318302154541,4.369999885559082,2007-09-13,4.375,4.355000019073486,4.355000019073486,10400
2594,4.117888927459717,4.375,2007-09-12,4.425000190734863,4.25,4.25,18000
2595,4.04729700088501,4.300000190734863,2007-09-11,4.300000190734863,4.300000190734863,4.300000190734863,10800
2596,4.000235080718994,4.25,2007-09-10,4.25,3.875,3.875,51800
2597,3.7178657054901123,3.950000047683716,2007-09-07,4.0,3.875,4.0,11200
2598,3.7649271488189697,4.0,2007-09-06,4.025000095367432,3.799999952316284,3.809999942779541,25200
2599,3.647273063659668,3.875,2007-09-05,3.875,3.674999952316284,3.674999952316284,23200
2600,3.5296192169189453,3.75,2007-09-04,3.75,3.5299999713897705,3.5299999713897705,15200
2601,3.4119651317596436,3.625,2007-08-31,3.674999952316284,3.4749999046325684,3.4749999046325684,24000
2602,3.3178422451019287,3.5250000953674316,2007-08-30,3.575000047683716,3.4749999046325684,3.4749999046325684,82200
2603,3.3178422451019287,3.5250000953674316,2007-08-29,3.549999952316284,3.4600000381469727,3.5,177800
2604,3.270780324935913,3.4749999046325684,2007-08-28,3.5999999046325684,3.4749999046325684,3.505000114440918,22400
2605,3.3037235736846924,3.509999990463257,2007-08-27,3.625,3.4800000190734863,3.559999942779541,83200
2606,3.388434410095215,3.5999999046325684,2007-08-24,3.5999999046325684,3.4549999237060547,3.549999952316284,78000
2607,3.3413727283477783,3.549999952316284,2007-08-23,3.625,3.484999895095825,3.484999895095825,66800
2608,3.294311285018921,3.5,2007-08-22,3.5250000953674316,3.4749999046325684,3.4749999046325684,18200
2609,3.294311285018921,3.5,2007-08-21,3.6500000953674316,3.375,3.375,65400
2610,3.3413727283477783,3.549999952316284,2007-08-20,3.75,3.200000047683716,3.200000047683716,39400
2611,3.176657199859619,3.375,2007-08-17,3.5,3.200000047683716,3.299999952316284,225000
2612,3.200188159942627,3.4000000953674316,2007-08-16,3.950000047683716,2.75,3.75,159400
2613,3.6896286010742188,3.9200000762939453,2007-08-15,4.025000095367432,3.799999952316284,4.025000095367432,51800
2614,3.7649271488189697,4.0,2007-08-14,4.105000019073486,4.0,4.105000019073486,27800
2615,3.8825812339782715,4.125,2007-08-13,4.324999809265137,4.125,4.125,11200
2616,3.8825812339782715,4.125,2007-08-10,4.25,4.105000019073486,4.199999809265137,14000
2617,4.000235080718994,4.25,2007-08-09,4.25,4.099999904632568,4.224999904632568,2600
2618,4.000235080718994,4.25,2007-08-08,4.25,4.099999904632568,4.175000190734863,25800
2619,3.929642915725708,4.175000190734863,2007-08-07,4.25,4.050000190734863,4.050000190734863,53600
2620,3.8119888305664062,4.050000190734863,2007-08-06,4.349999904632568,4.050000190734863,4.125,85400
2621,4.094357967376709,4.349999904632568,2007-08-03,4.5,4.25,4.5,26400
2622,4.235543251037598,4.5,2007-08-02,4.625,4.0,4.625,79800
2623,4.35319709777832,4.625,2007-08-01,4.625,4.599999904632568,4.625,40600
2624,4.35319709777832,4.625,2007-07-31,4.644999980926514,4.625,4.625,26400
2625,4.35319709777832,4.625,2007-07-30,4.699999809265137,4.599999904632568,4.699999809265137,19800
2626,4.35319709777832,4.625,2007-07-27,4.650000095367432,4.5,4.650000095367432,8600
2627,4.376728057861328,4.650000095367432,2007-07-26,4.75,4.425000190734863,4.550000190734863,38800
2628,4.235543251037598,4.5,2007-07-25,4.550000190734863,4.400000095367432,4.5,58000
2629,4.235543251037598,4.5,2007-07-24,4.5,4.300000190734863,4.300000190734863,17200
2630,4.070827484130859,4.324999809265137,2007-07-23,4.324999809265137,4.150000095367432,4.300000190734863,129600
2631,4.014353275299072,4.264999866485596,2007-07-20,4.449999809265137,4.0,4.0,335800
2632,3.590799331665039,3.815000057220459,2007-07-19,4.940000057220459,3.6500000953674316,4.940000057220459,863600
2633,4.607329368591309,4.894999980926514,2007-07-18,4.934999942779541,4.815000057220459,4.864999771118164,18400
2634,4.5743865966796875,4.860000133514404,2007-07-17,4.940000057220459,4.800000190734863,4.894999980926514,11600
2635,4.630860328674316,4.920000076293945,2007-07-16,4.940000057220459,4.894999980926514,4.929999828338623,8000
2636,4.649684906005859,4.940000057220459,2007-07-13,4.949999809265137,4.929999828338623,4.949999809265137,12200
2637,4.644979000091553,4.934999942779541,2007-07-12,4.945000171661377,4.90500020980835,4.90500020980835,2800
2638,4.616742134094238,4.90500020980835,2007-07-11,4.914999961853027,4.849999904632568,4.875,14400
2639,4.612035751342773,4.900000095367432,2007-07-10,4.934999942779541,4.800000190734863,4.929999828338623,32400
2640,4.649684906005859,4.940000057220459,2007-07-09,4.949999809265137,4.929999828338623,4.929999828338623,19000
2641,4.640272617340088,4.929999828338623,2007-07-06,5.010000228881836,4.925000190734863,4.925000190734863,35400
2642,4.654391288757324,4.945000171661377,2007-07-05,4.949999809265137,4.925000190734863,4.949999809265137,9400
2643,4.644979000091553,4.934999942779541,2007-07-03,5.010000228881836,4.934999942779541,5.010000228881836,13600
2644,4.659097194671631,4.949999809265137,2007-07-02,5.0,4.875,4.875,48000
2645,4.579092502593994,4.864999771118164,2007-06-29,4.889999866485596,4.864999771118164,4.875,3000
2646,4.612035751342773,4.900000095367432,2007-06-28,4.900000095367432,4.784999847412109,4.860000133514404,51800
2647,4.527324676513672,4.809999942779541,2007-06-27,4.824999809265137,4.699999809265137,4.800000190734863,32000
2648,4.423789024353027,4.699999809265137,2007-06-26,4.820000171661377,4.675000190734863,4.815000057220459,19400
2649,4.44261360168457,4.71999979019165,2007-06-25,4.815000057220459,4.675000190734863,4.815000057220459,12800
2650,4.470850944519043,4.75,2007-06-22,4.75,4.704999923706055,4.744999885559082,19200
2651,4.470850944519043,4.75,2007-06-21,4.75,4.679999828338623,4.679999828338623,9600
2652,4.390846252441406,4.664999961853027,2007-06-20,4.75,4.650000095367432,4.699999809265137,30000
2653,4.44261360168457,4.71999979019165,2007-06-19,4.730000019073486,4.679999828338623,4.679999828338623,28200
2654,4.4614386558532715,4.739999771118164,2007-06-18,4.78000020980835,4.71999979019165,4.75,34600
2655,4.508500099182129,4.789999961853027,2007-06-15,4.815000057220459,4.739999771118164,4.744999885559082,14000
2656,4.527324676513672,4.809999942779541,2007-06-14,4.835000038146973,4.775000095367432,4.775000095367432,5800
2657,4.517912864685059,4.800000190734863,2007-06-13,4.960000038146973,4.739999771118164,4.860000133514404,13000
2658,4.569680213928223,4.855000019073486,2007-06-12,4.894999980926514,4.855000019073486,4.880000114440918,16800
2659,4.569680213928223,4.855000019073486,2007-06-11,4.920000076293945,4.855000019073486,4.900000095367432,10600
2660,4.588504791259766,4.875,2007-06-08,4.974999904632568,4.875,4.925000190734863,19600
2661,4.607329368591309,4.894999980926514,2007-06-07,5.0,4.885000228881836,4.90500020980835,4800
2662,4.659097194671631,4.949999809265137,2007-06-06,4.96999979019165,4.925000190734863,4.965000152587891,4000
2663,4.69204044342041,4.985000133514404,2007-06-05,4.985000133514404,4.940000057220459,4.945000171661377,7200
2664,4.715571403503418,5.010000228881836,2007-06-04,5.039999961853027,4.914999961853027,4.925000190734863,14600
2665,4.597917556762695,4.885000228881836,2007-06-01,4.954999923706055,4.875,4.934999942779541,9000
2666,4.583798885345459,4.869999885559082,2007-05-31,5.010000228881836,4.869999885559082,4.965000152587891,9600
2667,4.748514652252197,5.045000076293945,2007-05-30,5.045000076293945,4.945000171661377,4.965000152587891,10600
2668,4.649684906005859,4.940000057220459,2007-05-29,5.034999847412109,4.875,4.96999979019165,20000
2669,4.682628154754639,4.974999904632568,2007-05-25,5.09499979019165,4.974999904632568,5.045000076293945,13200
2670,4.729689598083496,5.025000095367432,2007-05-24,5.239999771118164,5.010000228881836,5.119999885559082,13200
2671,4.715571403503418,5.010000228881836,2007-05-23,5.150000095367432,4.954999923706055,5.014999866485596,23200
2672,4.682628154754639,4.974999904632568,2007-05-22,5.074999809265137,4.945000171661377,5.005000114440918,35600
2673,4.668509483337402,4.960000038146973,2007-05-21,5.074999809265137,4.920000076293945,5.0,33800
2674,4.6873345375061035,4.980000019073486,2007-05-18,5.099999904632568,4.869999885559082,5.059999942779541,112800
2675,4.7061591148376465,5.0,2007-05-17,5.114999771118164,4.940000057220459,5.0,60800
2676,4.616742134094238,4.90500020980835,2007-05-16,5.164999961853027,4.869999885559082,4.940000057220459,42200
2677,4.663803577423096,4.954999923706055,2007-05-15,5.170000076293945,4.875,4.875,34800
2678,4.5743865966796875,4.860000133514404,2007-05-14,4.869999885559082,4.724999904632568,4.735000133514404,18800
2679,4.456732749938965,4.735000133514404,2007-05-11,4.744999885559082,4.650000095367432,4.650000095367432,8600
2680,4.386139869689941,4.659999847412109,2007-05-10,4.84499979019165,4.625,4.679999828338623,68200
2681,4.437908172607422,4.715000152587891,2007-05-09,4.795000076293945,4.715000152587891,4.795000076293945,76400
2682,4.513206481933594,4.795000076293945,2007-05-08,4.84499979019165,4.795000076293945,4.84499979019165,7400
2683,4.546149253845215,4.829999923706055,2007-05-07,4.920000076293945,4.815000057220459,4.900000095367432,20200
2684,4.588504791259766,4.875,2007-05-04,4.914999961853027,4.775000095367432,4.875,21800
2685,4.630860328674316,4.920000076293945,2007-05-03,5.039999961853027,4.920000076293945,5.039999961853027,11400
2686,4.673215866088867,4.965000152587891,2007-05-02,5.264999866485596,4.880000114440918,5.264999866485596,34800
2687,4.941466808319092,5.25,2007-05-01,5.269999980926514,5.239999771118164,5.25,9600
2688,4.9508795738220215,5.260000228881836,2007-04-30,5.409999847412109,5.260000228881836,5.355000019073486,26600
2689,5.049708366394043,5.364999771118164,2007-04-27,5.425000190734863,5.349999904632568,5.425000190734863,44400
2690,5.063827037811279,5.380000114440918,2007-04-26,5.414999961853027,5.315000057220459,5.414999961853027,31200
2691,5.0591206550598145,5.375,2007-04-25,5.449999809265137,5.355000019073486,5.429999828338623,107800
2692,5.0402960777282715,5.355000019073486,2007-04-24,5.425000190734863,5.239999771118164,5.239999771118164,9800
2693,4.941466808319092,5.25,2007-04-23,5.474999904632568,5.25,5.474999904632568,76800
2694,5.12971305847168,5.449999809265137,2007-04-20,5.449999809265137,5.224999904632568,5.230000019073486,20400
2695,4.847343921661377,5.150000095367432,2007-04-19,5.150000095367432,5.079999923706055,5.079999923706055,15600
2696,4.837931156158447,5.139999866485596,2007-04-18,5.340000152587891,5.130000114440918,5.340000152587891,8600
2697,4.988528728485107,5.300000190734863,2007-04-17,5.335000038146973,5.125,5.125,16200
2698,4.7767510414123535,5.074999809265137,2007-04-16,5.110000133514404,4.914999961853027,5.0,22800
2699,4.62615442276001,4.914999961853027,2007-04-13,4.994999885559082,4.804999828338623,4.804999828338623,16800
2700,4.489675521850586,4.769999980926514,2007-04-12,4.920000076293945,4.755000114440918,4.909999847412109,18000
2701,4.635566711425781,4.925000190734863,2007-04-11,5.204999923706055,4.809999942779541,5.150000095367432,62600
2702,4.870874881744385,5.175000190734863,2007-04-10,5.434999942779541,5.150000095367432,5.289999961853027,22600
2703,4.922642230987549,5.230000019073486,2007-04-09,5.260000228881836,5.199999809265137,5.224999904632568,27000
2704,4.941466808319092,5.25,2007-04-05,5.474999904632568,5.25,5.340000152587891,26400
2705,4.997940540313721,5.309999942779541,2007-04-04,5.349999904632568,5.300000190734863,5.320000171661377,10800
2706,5.0026469230651855,5.315000057220459,2007-04-03,5.324999809265137,5.260000228881836,5.284999847412109,9800
2707,4.974410057067871,5.284999847412109,2007-04-02,5.335000038146973,5.25,5.335000038146973,13600
2708,4.979115962982178,5.289999961853027,2007-03-30,5.324999809265137,5.289999961853027,5.309999942779541,1200
2709,5.0308837890625,5.34499979019165,2007-03-29,5.445000171661377,5.300000190734863,5.389999866485596,7200
2710,4.993234634399414,5.304999828338623,2007-03-28,5.34499979019165,5.304999828338623,5.34499979019165,2800
2711,5.0214715003967285,5.335000038146973,2007-03-27,5.449999809265137,5.309999942779541,5.449999809265137,12400
2712,5.12971305847168,5.449999809265137,2007-03-26,5.5,5.289999961853027,5.34499979019165,17200
2713,4.983822345733643,5.295000076293945,2007-03-23,5.335000038146973,5.269999980926514,5.269999980926514,11200
2714,4.997940540313721,5.309999942779541,2007-03-22,5.389999866485596,5.25,5.389999866485596,36600
2715,5.10618257522583,5.425000190734863,2007-03-21,5.5,5.425000190734863,5.5,21600
2716,5.176774978637695,5.5,2007-03-20,5.5,5.434999942779541,5.434999942779541,29000
2717,5.125007152557373,5.445000171661377,2007-03-19,5.494999885559082,5.355000019073486,5.425000190734863,28800
2718,5.049708366394043,5.364999771118164,2007-03-16,5.485000133514404,5.309999942779541,5.329999923706055,34000
2719,4.993234634399414,5.304999828338623,2007-03-15,5.480000019073486,5.28000020980835,5.414999961853027,18000
2720,5.1344194412231445,5.454999923706055,2007-03-14,5.489999771118164,5.300000190734863,5.329999923706055,15600
2721,4.9697041511535645,5.28000020980835,2007-03-13,5.335000038146973,5.28000020980835,5.300000190734863,16800
2722,4.993234634399414,5.304999828338623,2007-03-12,5.394999980926514,5.300000190734863,5.300000190734863,16200
2723,5.0591206550598145,5.375,2007-03-09,5.454999923706055,5.324999809265137,5.454999923706055,9400
2724,5.082651615142822,5.400000095367432,2007-03-08,5.440000057220459,5.315000057220459,5.414999961853027,17200
2725,5.049708366394043,5.364999771118164,2007-03-07,5.440000057220459,5.300000190734863,5.304999828338623,11200
2726,4.993234634399414,5.304999828338623,2007-03-06,5.34499979019165,5.300000190734863,5.309999942779541,6800
2727,4.988528728485107,5.300000190734863,2007-03-05,5.460000038146973,5.300000190734863,5.315000057220459,19000
2728,5.0402960777282715,5.355000019073486,2007-03-02,5.409999847412109,5.320000171661377,5.355000019073486,17400
2729,5.0402960777282715,5.355000019073486,2007-03-01,5.429999828338623,5.324999809265137,5.355000019073486,13800
2730,5.054414749145508,5.369999885559082,2007-02-28,5.5,5.315000057220459,5.434999942779541,13200
2731,5.0308837890625,5.34499979019165,2007-02-27,5.449999809265137,5.34499979019165,5.400000095367432,14800
2732,5.082651615142822,5.400000095367432,2007-02-26,5.480000019073486,5.349999904632568,5.375,8000
2733,5.0026469230651855,5.315000057220459,2007-02-23,5.494999885559082,5.309999942779541,5.460000038146973,18600
2734,5.139125823974609,5.460000038146973,2007-02-22,5.5,5.454999923706055,5.480000019073486,28400
2735,5.157950401306152,5.480000019073486,2007-02-21,5.53000020980835,5.465000152587891,5.53000020980835,26000
2736,5.176774978637695,5.5,2007-02-20,5.519999980926514,5.489999771118164,5.519999980926514,23400
2737,5.1720685958862305,5.494999885559082,2007-02-16,5.5,5.445000171661377,5.474999904632568,15600
2738,5.125007152557373,5.445000171661377,2007-02-15,5.494999885559082,5.420000076293945,5.489999771118164,7200
2739,5.082651615142822,5.400000095367432,2007-02-14,5.5,5.385000228881836,5.5,11000
2740,5.1532440185546875,5.474999904632568,2007-02-13,5.489999771118164,5.445000171661377,5.445000171661377,5800
2741,5.087357997894287,5.40500020980835,2007-02-12,5.494999885559082,5.385000228881836,5.465000152587891,11600
2742,5.125007152557373,5.445000171661377,2007-02-09,5.449999809265137,5.364999771118164,5.40500020980835,17400
2743,5.068533420562744,5.385000228881836,2007-02-08,5.429999828338623,5.349999904632568,5.385000228881836,16200
2744,5.139125823974609,5.460000038146973,2007-02-07,5.489999771118164,5.449999809265137,5.449999809265137,9600
2745,5.157950401306152,5.480000019073486,2007-02-06,5.610000133514404,5.400000095367432,5.610000133514404,55600
2746,5.233248710632324,5.559999942779541,2007-02-05,5.625,5.519999980926514,5.605000019073486,38800
2747,5.289722442626953,5.619999885559082,2007-02-02,5.625,5.59499979019165,5.625,13800
2748,5.289722442626953,5.619999885559082,2007-02-01,5.625,5.550000190734863,5.625,15800
2749,5.242660999298096,5.570000171661377,2007-01-31,5.625,5.449999809265137,5.519999980926514,34400
2750,5.1532440185546875,5.474999904632568,2007-01-30,5.75,5.449999809265137,5.75,51400
2751,5.219130516052246,5.545000076293945,2007-01-29,5.824999809265137,5.545000076293945,5.545000076293945,48800
2752,5.200305938720703,5.525000095367432,2007-01-26,5.585000038146973,5.474999904632568,5.5,35000
2753,5.176774978637695,5.5,2007-01-25,5.5,5.449999809265137,5.494999885559082,24600
2754,5.176774978637695,5.5,2007-01-24,5.5,5.429999828338623,5.5,19400
2755,5.1532440185546875,5.474999904632568,2007-01-23,5.635000228881836,5.445000171661377,5.635000228881836,69200
2756,5.139125823974609,5.460000038146973,2007-01-22,5.514999866485596,5.400000095367432,5.5,61000
2757,5.0402960777282715,5.355000019073486,2007-01-19,5.394999980926514,5.340000152587891,5.389999866485596,35200
2758,5.035590171813965,5.349999904632568,2007-01-18,5.380000114440918,5.309999942779541,5.340000152587891,19600
2759,5.026177883148193,5.340000152587891,2007-01-17,5.340000152587891,5.289999961853027,5.324999809265137,9600
2760,4.988528728485107,5.300000190734863,2007-01-16,5.340000152587891,5.25,5.25,35000
2761,4.899111270904541,5.204999923706055,2007-01-12,5.224999904632568,5.195000171661377,5.199999809265137,6200
2762,4.889699459075928,5.195000171661377,2007-01-11,5.199999809265137,5.15500020980835,5.195000171661377,6000
2763,4.870874881744385,5.175000190734863,2007-01-10,5.195000171661377,5.099999904632568,5.139999866485596,21000
2764,4.875580310821533,5.179999828338623,2007-01-09,5.199999809265137,5.119999885559082,5.119999885559082,9200
2765,4.889699459075928,5.195000171661377,2007-01-08,5.21999979019165,5.09499979019165,5.21999979019165,17400
2766,4.86616849899292,5.170000076293945,2007-01-05,5.25,5.0,5.25,119800
2767,4.960291385650635,5.269999980926514,2007-01-04,5.284999847412109,5.224999904632568,5.264999866485596,20600
2768,4.936760425567627,5.244999885559082,2007-01-03,5.369999885559082,5.224999904632568,5.360000133514404,46600
2769,4.917935848236084,5.224999904632568,2006-12-29,5.25,5.224999904632568,5.25,37600
2770,4.946173191070557,5.255000114440918,2006-12-28,5.264999866485596,5.210000038146973,5.260000228881836,22600
2771,4.9508795738220215,5.260000228881836,2006-12-27,5.269999980926514,5.179999828338623,5.239999771118164,28400
2772,4.941466808319092,5.25,2006-12-26,5.25,5.224999904632568,5.230000019073486,11800
2773,4.917935848236084,5.224999904632568,2006-12-22,5.230000019073486,5.150000095367432,5.21999979019165,16800
2774,4.880286693572998,5.184999942779541,2006-12-21,5.300000190734863,5.184999942779541,5.300000190734863,17600
2775,4.9508795738220215,5.260000228881836,2006-12-20,5.324999809265137,5.239999771118164,5.25,43200
2776,4.894404888153076,5.199999809265137,2006-12-19,5.269999980926514,5.195000171661377,5.25,45000
2777,5.012059211730957,5.324999809265137,2006-12-18,5.400000095367432,5.210000038146973,5.25,20000
2778,4.884993076324463,5.190000057220459,2006-12-15,5.235000133514404,5.125,5.125,51000
2779,4.800282001495361,5.099999904632568,2006-12-14,5.130000114440918,5.079999923706055,5.130000114440918,15600
2780,4.772045135498047,5.070000171661377,2006-12-13,5.125,5.005000114440918,5.085000038146973,17400
2781,4.781457424163818,5.079999923706055,2006-12-12,5.099999904632568,5.054999828338623,5.059999942779541,7000
2782,4.7767510414123535,5.074999809265137,2006-12-11,5.079999923706055,5.025000095367432,5.079999923706055,5000
2783,4.748514652252197,5.045000076293945,2006-12-08,5.054999828338623,5.0,5.010000228881836,27000
2784,4.729689598083496,5.025000095367432,2006-12-07,5.059999942779541,5.025000095367432,5.03000020980835,8600
2785,4.739101886749268,5.034999847412109,2006-12-06,5.079999923706055,5.010000228881836,5.079999923706055,35000
2786,4.748514652252197,5.045000076293945,2006-12-05,5.050000190734863,5.039999961853027,5.050000190734863,32200
2787,4.748514652252197,5.045000076293945,2006-12-04,5.050000190734863,5.025000095367432,5.050000190734863,12800
2788,4.753220558166504,5.050000190734863,2006-12-01,5.050000190734863,5.03000020980835,5.03000020980835,13800
2789,4.729689598083496,5.025000095367432,2006-11-30,5.050000190734863,5.025000095367432,5.045000076293945,10800
2790,4.79086971282959,5.090000152587891,2006-11-29,5.099999904632568,5.054999828338623,5.099999904632568,11200
2791,4.7955756187438965,5.09499979019165,2006-11-28,5.09499979019165,5.03000020980835,5.03000020980835,8200
2792,4.729689598083496,5.025000095367432,2006-11-27,5.050000190734863,5.025000095367432,5.03000020980835,15000
2793,4.729689598083496,5.025000095367432,2006-11-24,5.045000076293945,5.005000114440918,5.019999980926514,6800
2794,4.710865020751953,5.005000114440918,2006-11-22,5.019999980926514,5.0,5.019999980926514,16600
2795,4.720277309417725,5.014999866485596,2006-11-21,5.050000190734863,5.0,5.039999961853027,33400
2796,4.69204044342041,4.985000133514404,2006-11-20,5.190000057220459,4.940000057220459,4.940000057220459,16400
2797,4.7061591148376465,5.0,2006-11-17,5.050000190734863,4.949999809265137,5.050000190734863,47000
2798,4.753220558166504,5.050000190734863,2006-11-16,5.050000190734863,4.980000019073486,4.994999885559082,28800
2799,4.7061591148376465,5.0,2006-11-15,5.09499979019165,4.965000152587891,5.045000076293945,13800
2800,4.748514652252197,5.045000076293945,2006-11-14,5.175000190734863,5.045000076293945,5.125,15400
2801,4.800282001495361,5.099999904632568,2006-11-13,5.110000133514404,5.050000190734863,5.09499979019165,5200
2802,4.753220558166504,5.050000190734863,2006-11-10,5.070000171661377,5.025000095367432,5.050000190734863,4600
2803,4.748514652252197,5.045000076293945,2006-11-09,5.070000171661377,5.0,5.070000171661377,7200
2804,4.710865020751953,5.005000114440918,2006-11-08,5.045000076293945,5.0,5.0,24400
2805,4.715571403503418,5.010000228881836,2006-11-07,5.025000095367432,4.949999809265137,4.949999809265137,2800
2806,4.640272617340088,4.929999828338623,2006-11-06,5.099999904632568,4.769999980926514,5.085000038146973,99800
2807,4.7955756187438965,5.09499979019165,2006-11-03,5.130000114440918,4.994999885559082,5.005000114440918,59600
2808,4.654391288757324,4.945000171661377,2006-11-02,5.025000095367432,4.929999828338623,5.0,139000
2809,4.762632846832275,5.059999942779541,2006-11-01,5.474999904632568,5.0,5.460000038146973,30400
2810,5.167362213134766,5.489999771118164,2006-10-31,5.71999979019165,5.465000152587891,5.465000152587891,27400
2811,5.082651615142822,5.400000095367432,2006-10-30,5.425000190734863,5.375,5.425000190734863,5000
2812,5.0591206550598145,5.375,2006-10-27,5.449999809265137,5.364999771118164,5.409999847412109,9400
2813,5.068533420562744,5.385000228881836,2006-10-26,5.5,5.355000019073486,5.5,6800
2814,5.20501184463501,5.53000020980835,2006-10-25,5.775000095367432,5.5,5.775000095367432,9200
2815,5.430907249450684,5.769999980926514,2006-10-24,5.775000095367432,5.730000019073486,5.775000095367432,7800
2816,5.412082672119141,5.75,2006-10-23,5.75,5.625,5.75,22400
2817,5.42149543762207,5.760000228881836,2006-10-20,5.795000076293945,5.550000190734863,5.550000190734863,9200
2818,5.275604248046875,5.605000019073486,2006-10-19,5.639999866485596,5.525000095367432,5.525000095367432,6200
2819,5.181480884552002,5.505000114440918,2006-10-18,5.630000114440918,5.5,5.605000019073486,46400
2820,5.176774978637695,5.5,2006-10-17,5.644999980926514,5.46999979019165,5.585000038146973,27600
2821,5.176774978637695,5.5,2006-10-16,5.574999809265137,5.074999809265137,5.199999809265137,29400
2822,4.7767510414123535,5.074999809265137,2006-10-13,5.25,5.0,5.25,12000
2823,4.899111270904541,5.204999923706055,2006-10-12,5.25,5.190000057220459,5.215000152587891,33000
2824,4.852049827575684,5.15500020980835,2006-10-11,5.15500020980835,4.994999885559082,5.025000095367432,11600
2825,4.701452732086182,4.994999885559082,2006-10-10,5.019999980926514,4.925000190734863,5.019999980926514,14000
2826,4.7061591148376465,5.0,2006-10-09,5.099999904632568,4.914999961853027,4.914999961853027,33200
2827,4.62615442276001,4.914999961853027,2006-10-06,5.074999809265137,4.900000095367432,5.03000020980835,10000
2828,4.7955756187438965,5.09499979019165,2006-10-05,5.09499979019165,5.034999847412109,5.079999923706055,5200
2829,4.743808269500732,5.039999961853027,2006-10-04,5.300000190734863,4.920000076293945,5.300000190734863,25400
2830,4.988528728485107,5.300000190734863,2006-10-03,5.40500020980835,5.239999771118164,5.360000133514404,56800
2831,4.922642230987549,5.230000019073486,2006-10-02,5.25,4.925000190734863,4.994999885559082,42200
2832,4.588504791259766,4.875,2006-09-29,5.079999923706055,4.869999885559082,4.974999904632568,57000
2833,4.696746349334717,4.989999771118164,2006-09-28,4.994999885559082,4.880000114440918,4.880000114440918,5400
2834,4.659097194671631,4.949999809265137,2006-09-27,4.949999809265137,4.849999904632568,4.849999904632568,12800
2835,4.597917556762695,4.885000228881836,2006-09-26,4.885000228881836,4.849999904632568,4.849999904632568,4600
2836,4.588504791259766,4.875,2006-09-25,4.945000171661377,4.875,4.940000057220459,17800
2837,4.630860328674316,4.920000076293945,2006-09-22,4.945000171661377,4.875,4.875,7800
2838,4.5932111740112305,4.880000114440918,2006-09-21,4.900000095367432,4.875,4.875,7800
2839,4.5932111740112305,4.880000114440918,2006-09-20,4.900000095367432,4.875,4.875,21000
2840,4.588504791259766,4.875,2006-09-19,4.90500020980835,4.849999904632568,4.90500020980835,16000
2841,4.597917556762695,4.885000228881836,2006-09-18,4.925000190734863,4.824999809265137,4.914999961853027,30200
2842,4.55085563659668,4.835000038146973,2006-09-15,4.894999980926514,4.835000038146973,4.864999771118164,17600
2843,4.597917556762695,4.885000228881836,2006-09-14,4.889999866485596,4.855000019073486,4.880000114440918,2200
2844,4.597917556762695,4.885000228881836,2006-09-13,4.885000228881836,4.824999809265137,4.860000133514404,6400
2845,4.541443347930908,4.824999809265137,2006-09-12,4.835000038146973,4.735000133514404,4.735000133514404,7200
2846,4.541443347930908,4.824999809265137,2006-09-11,4.864999771118164,4.775000095367432,4.864999771118164,51600
2847,4.447319984436035,4.724999904632568,2006-09-08,4.769999980926514,4.570000171661377,4.71999979019165,105800
2848,4.527324676513672,4.809999942779541,2006-09-07,4.940000057220459,4.775000095367432,4.940000057220459,9400
2849,4.44261360168457,4.71999979019165,2006-09-06,4.900000095367432,4.71999979019165,4.789999961853027,19600
2850,4.517912864685059,4.800000190734863,2006-09-05,4.949999809265137,4.800000190734863,4.824999809265137,14000
2851,4.569680213928223,4.855000019073486,2006-09-01,4.875,4.855000019073486,4.855000019073486,800
2852,4.564974308013916,4.849999904632568,2006-08-31,4.849999904632568,4.800000190734863,4.800000190734863,6600
2853,4.517912864685059,4.800000190734863,2006-08-30,4.90500020980835,4.800000190734863,4.875,13800
2854,4.621448040008545,4.909999847412109,2006-08-29,4.909999847412109,4.800000190734863,4.860000133514404,14600
2855,4.602623462677002,4.889999866485596,2006-08-28,4.909999847412109,4.880000114440918,4.909999847412109,7800
2856,4.583798885345459,4.869999885559082,2006-08-25,4.985000133514404,4.855000019073486,4.985000133514404,15800
2857,4.654391288757324,4.945000171661377,2006-08-24,4.974999904632568,4.900000095367432,4.954999923706055,6400
2858,4.630860328674316,4.920000076293945,2006-08-23,4.954999923706055,4.900000095367432,4.945000171661377,16800
2859,4.607329368591309,4.894999980926514,2006-08-22,4.894999980926514,4.849999904632568,4.849999904632568,21800
2860,4.564974308013916,4.849999904632568,2006-08-21,4.860000133514404,4.804999828338623,4.824999809265137,50200
2861,4.517912864685059,4.800000190734863,2006-08-18,4.855000019073486,4.800000190734863,4.824999809265137,14200
2862,4.546149253845215,4.829999923706055,2006-08-17,4.849999904632568,4.824999809265137,4.849999904632568,9200
2863,4.532031059265137,4.815000057220459,2006-08-16,4.849999904632568,4.795000076293945,4.849999904632568,18000
2864,4.536737442016602,4.820000171661377,2006-08-15,4.849999904632568,4.755000114440918,4.849999904632568,20000
2865,4.494381904602051,4.775000095367432,2006-08-14,4.855000019073486,4.704999923706055,4.704999923706055,10400
2866,4.4520263671875,4.730000019073486,2006-08-11,4.78000020980835,4.704999923706055,4.769999980926514,14600
2867,4.456732749938965,4.735000133514404,2006-08-10,4.760000228881836,4.670000076293945,4.75,55600
2868,4.470850944519043,4.75,2006-08-09,4.824999809265137,4.75,4.75,8200
2869,4.517912864685059,4.800000190734863,2006-08-08,4.800000190734863,4.775000095367432,4.800000190734863,3000
2870,4.494381904602051,4.775000095367432,2006-08-07,4.900000095367432,4.739999771118164,4.900000095367432,6600
2871,4.569680213928223,4.855000019073486,2006-08-04,4.900000095367432,4.760000228881836,4.800000190734863,7800
2872,4.522618770599365,4.804999828338623,2006-08-03,4.849999904632568,4.684999942779541,4.849999904632568,23800
2873,4.579092502593994,4.864999771118164,2006-08-02,4.90500020980835,4.574999809265137,4.574999809265137,15200
2874,4.400259017944336,4.675000190734863,2006-08-01,4.710000038146973,4.574999809265137,4.574999809265137,25200
2875,4.3108415603637695,4.579999923706055,2006-07-31,4.579999923706055,4.489999771118164,4.494999885559082,19800
2876,4.1978936195373535,4.460000038146973,2006-07-28,4.489999771118164,4.394999980926514,4.394999980926514,15000
2877,4.1978936195373535,4.460000038146973,2006-07-27,4.679999828338623,4.375,4.65500020980835,87000
2878,4.470850944519043,4.75,2006-07-26,4.835000038146973,4.639999866485596,4.755000114440918,32200
2879,4.527324676513672,4.809999942779541,2006-07-25,5.034999847412109,4.800000190734863,5.005000114440918,23800
2880,4.7249836921691895,5.019999980926514,2006-07-24,5.039999961853027,5.005000114440918,5.005000114440918,9200
2881,4.715571403503418,5.010000228881836,2006-07-21,5.050000190734863,5.005000114440918,5.050000190734863,18200
2882,4.7579264640808105,5.054999828338623,2006-07-20,5.110000133514404,5.054999828338623,5.054999828338623,20000
2883,4.76733922958374,5.065000057220459,2006-07-19,5.114999771118164,5.054999828338623,5.054999828338623,13000
2884,4.7767510414123535,5.074999809265137,2006-07-18,5.210000038146973,5.070000171661377,5.184999942779541,17000
2885,4.823812961578369,5.125,2006-07-17,5.224999904632568,5.125,5.199999809265137,31200
2886,4.800282001495361,5.099999904632568,2006-07-14,5.099999904632568,5.050000190734863,5.059999942779541,24600
2887,4.7579264640808105,5.054999828338623,2006-07-13,5.175000190734863,5.050000190734863,5.050000190734863,4600
2888,4.76733922958374,5.065000057220459,2006-07-12,5.275000095367432,5.054999828338623,5.275000095367432,17600
2889,4.917935848236084,5.224999904632568,2006-07-11,5.269999980926514,5.050000190734863,5.065000057220459,26000
2890,4.809694766998291,5.110000133514404,2006-07-10,5.190000057220459,5.085000038146973,5.085000038146973,35600
2891,4.960291385650635,5.269999980926514,2006-07-07,5.539999961853027,5.230000019073486,5.539999961853027,53800
2892,5.247366905212402,5.574999809265137,2006-07-06,5.619999885559082,5.510000228881836,5.614999771118164,26800
2893,5.275604248046875,5.605000019073486,2006-07-05,5.675000190734863,5.409999847412109,5.675000190734863,57000
2894,5.336784362792969,5.670000076293945,2006-07-03,5.835000038146973,5.614999771118164,5.835000038146973,19000
2895,5.332077980041504,5.664999961853027,2006-06-30,5.744999885559082,5.574999809265137,5.574999809265137,19400
2896,5.242660999298096,5.570000171661377,2006-06-29,5.769999980926514,5.53000020980835,5.699999809265137,27200
2897,5.487381458282471,5.829999923706055,2006-06-28,5.849999904632568,5.565000057220459,5.840000152587891,56000
2898,5.506206035614014,5.849999904632568,2006-06-27,6.400000095367432,5.849999904632568,6.315000057220459,116200
2899,6.00035285949707,6.375,2006-06-26,6.460000038146973,6.25,6.25,30200
2900,5.877992630004883,6.244999885559082,2006-06-23,6.440000057220459,6.190000057220459,6.440000057220459,21400
2901,6.014471054077148,6.389999866485596,2006-06-22,6.460000038146973,6.215000152587891,6.329999923706055,52200
2902,5.915641784667969,6.284999847412109,2006-06-21,6.625,6.150000095367432,6.590000152587891,177000
2903,6.207423210144043,6.59499979019165,2006-06-20,6.855000019073486,6.590000152587891,6.735000133514404,66600
2904,6.400376319885254,6.800000190734863,2006-06-19,6.84499979019165,6.730000019073486,6.735000133514404,7400
2905,6.381551742553711,6.78000020980835,2006-06-16,6.84499979019165,6.590000152587891,6.590000152587891,56000
2906,6.273309707641602,6.664999961853027,2006-06-15,6.855000019073486,6.664999961853027,6.710000038146973,13800
2907,6.353314399719238,6.75,2006-06-14,6.809999942779541,6.704999923706055,6.704999923706055,12800
2908,6.315665245056152,6.710000038146973,2006-06-13,6.795000076293945,6.704999923706055,6.704999923706055,7000
2909,6.343902111053467,6.739999771118164,2006-06-12,6.795000076293945,6.730000019073486,6.769999980926514,6000
2910,6.4239068031311035,6.824999809265137,2006-06-09,6.875,6.684999942779541,6.684999942779541,23400
2911,6.334489822387695,6.730000019073486,2006-06-08,6.824999809265137,6.690000057220459,6.775000095367432,30200
2912,6.452144145965576,6.855000019073486,2006-06-07,6.875,6.695000171661377,6.695000171661377,18000
2913,6.353314399719238,6.75,2006-06-06,6.815000057220459,6.75,6.760000228881836,35000
2914,6.560385227203369,6.96999979019165,2006-06-05,7.039999961853027,6.809999942779541,6.914999961853027,21000
2915,6.5556793212890625,6.965000152587891,2006-06-02,7.0,6.664999961853027,6.664999961853027,90600
2916,6.362727165222168,6.760000228881836,2006-06-01,6.804999828338623,6.630000114440918,6.630000114440918,21000
2917,6.353314399719238,6.75,2006-05-31,6.815000057220459,6.75,6.755000114440918,12800
2918,6.4050822257995605,6.804999828338623,2006-05-30,6.84499979019165,6.40500020980835,6.670000076293945,52800
2919,6.362727165222168,6.760000228881836,2006-05-26,6.824999809265137,6.730000019073486,6.824999809265137,15000
2920,6.433319091796875,6.835000038146973,2006-05-25,6.929999828338623,6.824999809265137,6.929999828338623,14400
2921,6.546267032623291,6.954999923706055,2006-05-24,6.994999885559082,6.715000152587891,6.715000152587891,27400
2922,6.395669937133789,6.795000076293945,2006-05-23,6.795000076293945,6.724999904632568,6.755000114440918,27000
2923,6.390964031219482,6.789999961853027,2006-05-22,6.795000076293945,6.675000190734863,6.795000076293945,14400
2924,6.390964031219482,6.789999961853027,2006-05-19,6.789999961853027,6.605000019073486,6.605000019073486,19600
2925,6.259191513061523,6.650000095367432,2006-05-18,6.795000076293945,6.650000095367432,6.664999961853027,69600
2926,6.325077533721924,6.71999979019165,2006-05-17,6.760000228881836,6.715000152587891,6.75,13200
2927,6.362727165222168,6.760000228881836,2006-05-16,6.789999961853027,6.639999866485596,6.639999866485596,23000
2928,6.301547050476074,6.695000171661377,2006-05-15,6.784999847412109,6.659999847412109,6.695000171661377,26600
2929,6.456850051879883,6.860000133514404,2006-05-12,6.869999885559082,6.710000038146973,6.804999828338623,22600
2930,6.452144145965576,6.855000019073486,2006-05-11,6.940000057220459,6.84499979019165,6.894999980926514,7000
2931,6.489793300628662,6.894999980926514,2006-05-10,6.96999979019165,6.829999923706055,6.849999904632568,52600
2932,6.452144145965576,6.855000019073486,2006-05-09,6.900000095367432,6.829999923706055,6.900000095367432,7200
2933,6.494499206542969,6.900000095367432,2006-05-08,6.925000190734863,6.855000019073486,6.855000019073486,13400
2934,6.5368547439575195,6.945000171661377,2006-05-05,6.960000038146973,6.855000019073486,6.875,16400
2935,6.470968723297119,6.875,2006-05-04,6.90500020980835,6.815000057220459,6.829999923706055,11800
2936,6.470968723297119,6.875,2006-05-03,6.929999828338623,6.809999942779541,6.809999942779541,13800
2937,6.428613185882568,6.829999923706055,2006-05-02,6.974999904632568,6.829999923706055,6.940000057220459,10600
2938,6.579209804534912,6.989999771118164,2006-05-01,6.989999771118164,6.900000095367432,6.954999923706055,16600
2939,6.60274076461792,7.014999866485596,2006-04-28,7.014999866485596,6.815000057220459,6.815000057220459,36800
2940,6.475674629211426,6.880000114440918,2006-04-27,6.965000152587891,6.84499979019165,6.965000152587891,132400
2941,6.574504375457764,6.985000133514404,2006-04-26,7.070000171661377,6.909999847412109,6.994999885559082,36800
2942,6.560385227203369,6.96999979019165,2006-04-25,7.0,6.815000057220459,6.824999809265137,41800
2943,6.470968723297119,6.875,2006-04-24,6.925000190734863,6.815000057220459,6.900000095367432,32800
2944,6.541560649871826,6.949999809265137,2006-04-21,7.025000095367432,6.929999828338623,6.974999904632568,25800
2945,6.588622570037842,7.0,2006-04-20,7.170000076293945,6.974999904632568,7.170000076293945,19000
2946,6.682745456695557,7.099999904632568,2006-04-19,7.170000076293945,7.045000076293945,7.150000095367432,23200
2947,6.725100994110107,7.144999980926514,2006-04-18,7.235000133514404,7.144999980926514,7.21999979019165,25200
2948,6.84275484085083,7.269999980926514,2006-04-17,7.400000095367432,7.159999847412109,7.300000190734863,17400
2949,6.847461223602295,7.275000095367432,2006-04-13,7.474999904632568,7.275000095367432,7.474999904632568,23200
2950,7.007470607757568,7.445000171661377,2006-04-12,7.460000038146973,7.21999979019165,7.295000076293945,28200
2951,6.932171821594238,7.364999771118164,2006-04-11,7.414999961853027,7.215000152587891,7.300000190734863,5800
2952,6.922760009765625,7.355000019073486,2006-04-10,7.454999923706055,7.329999923706055,7.454999923706055,11000
2953,6.979233741760254,7.414999961853027,2006-04-07,7.414999961853027,7.264999866485596,7.320000171661377,17200
2954,6.899229049682617,7.329999923706055,2006-04-06,7.454999923706055,7.150000095367432,7.150000095367432,43600
2955,6.710982799530029,7.130000114440918,2006-04-05,7.445000171661377,6.929999828338623,7.349999904632568,85000
2956,6.899229049682617,7.329999923706055,2006-04-04,7.380000114440918,7.09499979019165,7.244999885559082,80000
2957,6.77686882019043,7.199999809265137,2006-04-03,7.244999885559082,6.909999847412109,7.150000095367432,97600
2958,6.696864128112793,7.114999771118164,2006-03-31,7.114999771118164,6.900000095367432,6.934999942779541,46600
2959,6.583916187286377,6.994999885559082,2006-03-30,6.994999885559082,6.925000190734863,6.925000190734863,25200
2960,6.583916187286377,6.994999885559082,2006-03-29,7.0,6.71999979019165,6.730000019073486,72400
2961,6.386257648468018,6.784999847412109,2006-03-28,6.849999904632568,6.675000190734863,6.675000190734863,222200
2962,6.329783916473389,6.724999904632568,2006-03-27,6.84499979019165,6.625,6.835000038146973,72800
2963,6.494499206542969,6.900000095367432,2006-03-24,6.965000152587891,6.824999809265137,6.824999809265137,11800
2964,6.4427313804626465,6.84499979019165,2006-03-23,6.894999980926514,6.829999923706055,6.849999904632568,5400
2965,6.518030166625977,6.925000190734863,2006-03-22,7.010000228881836,6.925000190734863,6.989999771118164,9800
2966,6.522736072540283,6.929999828338623,2006-03-21,6.994999885559082,6.925000190734863,6.929999828338623,8800
2967,6.588622570037842,7.0,2006-03-20,7.0,6.90500020980835,6.974999904632568,24400
2968,6.565091609954834,6.974999904632568,2006-03-17,6.989999771118164,6.920000076293945,6.920000076293945,5600
2969,6.574504375457764,6.985000133514404,2006-03-16,7.019999980926514,6.894999980926514,7.019999980926514,46200
2970,6.607447147369385,7.019999980926514,2006-03-15,7.09499979019165,6.965000152587891,6.965000152587891,20600
2971,6.569797992706299,6.980000019073486,2006-03-14,7.074999809265137,6.804999828338623,6.909999847412109,22800
2972,6.569797992706299,6.980000019073486,2006-03-13,7.119999885559082,6.820000171661377,7.019999980926514,114800
2973,6.635684490203857,7.050000190734863,2006-03-10,7.074999809265137,7.005000114440918,7.03000020980835,60600
2974,6.6545090675354,7.070000171661377,2006-03-09,7.150000095367432,7.070000171661377,7.125,39600
2975,6.682745456695557,7.099999904632568,2006-03-08,7.150000095367432,7.054999828338623,7.150000095367432,23200
2976,6.6874518394470215,7.105000019073486,2006-03-07,7.144999980926514,7.099999904632568,7.125,16000
2977,6.725100994110107,7.144999980926514,2006-03-06,7.150000095367432,7.099999904632568,7.099999904632568,30000
2978,6.7015700340271,7.119999885559082,2006-03-03,7.119999885559082,7.074999809265137,7.074999809265137,43000
2979,6.645096302032471,7.059999942779541,2006-03-02,7.09499979019165,7.025000095367432,7.050000190734863,29600
2980,6.635684490203857,7.050000190734863,2006-03-01,7.09499979019165,7.050000190734863,7.050000190734863,86200
2981,6.635684490203857,7.050000190734863,2006-02-28,7.065000057220459,6.994999885559082,7.025000095367432,85600
2982,6.61215353012085,7.025000095367432,2006-02-27,7.074999809265137,7.025000095367432,7.074999809265137,23000
2983,6.67803955078125,7.09499979019165,2006-02-24,7.144999980926514,7.079999923706055,7.085000038146973,9400
2984,6.673333644866943,7.090000152587891,2006-02-23,7.150000095367432,7.085000038146973,7.085000038146973,16600
2985,6.659214496612549,7.074999809265137,2006-02-22,7.125,7.074999809265137,7.090000152587891,17400
2986,6.6545090675354,7.070000171661377,2006-02-21,7.150000095367432,7.025000095367432,7.150000095367432,11200
2987,6.8003997802734375,7.224999904632568,2006-02-17,7.224999904632568,7.175000190734863,7.199999809265137,6600
2988,6.720394611358643,7.139999866485596,2006-02-16,7.150000095367432,7.059999942779541,7.059999942779541,16000
2989,6.77686882019043,7.199999809265137,2006-02-15,7.199999809265137,6.985000133514404,6.985000133514404,30800
2990,6.710982799530029,7.130000114440918,2006-02-14,7.195000171661377,6.925000190734863,7.010000228881836,8200
2991,6.518030166625977,6.925000190734863,2006-02-13,7.059999942779541,6.875,6.880000114440918,16800
2992,6.7062764167785645,7.125,2006-02-10,7.125,7.050000190734863,7.050000190734863,10600
2993,6.682745456695557,7.099999904632568,2006-02-09,7.119999885559082,7.0,7.0,9400
2994,6.645096302032471,7.059999942779541,2006-02-08,7.125,7.014999866485596,7.125,77800
2995,6.60274076461792,7.014999866485596,2006-02-07,7.085000038146973,7.0,7.005000114440918,3200
2996,6.61215353012085,7.025000095367432,2006-02-06,7.125,7.025000095367432,7.125,16600
2997,6.588622570037842,7.0,2006-02-03,7.019999980926514,6.954999923706055,6.954999923706055,12200
2998,6.593328952789307,7.005000114440918,2006-02-02,7.005000114440918,6.940000057220459,6.940000057220459,8000
2999,6.645096302032471,7.059999942779541,2006-02-01,7.184999942779541,6.965000152587891,7.050000190734863,13200
3000,6.6545090675354,7.070000171661377,2006-01-31,7.070000171661377,7.0,7.0,11200
3001,6.583916187286377,6.994999885559082,2006-01-30,7.054999828338623,6.934999942779541,6.989999771118164,11800
3002,6.696864128112793,7.114999771118164,2006-01-27,7.159999847412109,7.025000095367432,7.025000095367432,7200
3003,6.7015700340271,7.119999885559082,2006-01-26,7.139999866485596,6.994999885559082,7.139999866485596,8600
3004,6.574504375457764,6.985000133514404,2006-01-25,7.054999828338623,6.940000057220459,6.940000057220459,13800
3005,6.5368547439575195,6.945000171661377,2006-01-24,7.010000228881836,6.920000076293945,7.010000228881836,4800
3006,6.621565341949463,7.034999847412109,2006-01-23,7.175000190734863,7.034999847412109,7.175000190734863,11600
3007,6.696864128112793,7.114999771118164,2006-01-20,7.235000133514404,7.0,7.235000133514404,14200
3008,6.715689182281494,7.135000228881836,2006-01-19,7.175000190734863,6.989999771118164,7.170000076293945,16600
3009,6.550973415374756,6.960000038146973,2006-01-18,7.179999828338623,6.960000038146973,7.179999828338623,19400
3010,6.772162914276123,7.195000171661377,2006-01-17,7.195000171661377,7.070000171661377,7.070000171661377,5400
3011,6.77686882019043,7.199999809265137,2006-01-13,7.329999923706055,7.199999809265137,7.329999923706055,2800
3012,6.8003997802734375,7.224999904632568,2006-01-12,7.300000190734863,7.054999828338623,7.074999809265137,12400
3013,6.772162914276123,7.195000171661377,2006-01-11,7.264999866485596,7.119999885559082,7.264999866485596,9600
3014,6.7015700340271,7.119999885559082,2006-01-10,7.46999979019165,7.105000019073486,7.394999980926514,48000
3015,6.715689182281494,7.135000228881836,2006-01-09,7.230000019073486,7.105000019073486,7.230000019073486,27400
3016,6.6874518394470215,7.105000019073486,2006-01-06,7.184999942779541,7.010000228881836,7.010000228881836,11400
3017,6.673333644866943,7.090000152587891,2006-01-05,7.144999980926514,7.045000076293945,7.119999885559082,18000
3018,6.823930263519287,7.25,2006-01-04,7.25,7.085000038146973,7.099999904632568,26400
3019,6.635684490203857,7.050000190734863,2006-01-03,7.215000152587891,6.864999771118164,7.010000228881836,25800
3020,6.475674629211426,6.880000114440918,2005-12-30,6.989999771118164,6.755000114440918,6.949999809265137,19200
3021,6.574504375457764,6.985000133514404,2005-12-29,7.039999961853027,6.985000133514404,7.005000114440918,12800
3022,6.588622570037842,7.0,2005-12-28,7.054999828338623,6.994999885559082,6.994999885559082,18200
3023,6.588622570037842,7.0,2005-12-27,7.070000171661377,7.0,7.005000114440918,15800
3024,6.7062764167785645,7.125,2005-12-23,7.125,7.099999904632568,7.099999904632568,15800
3025,6.626271724700928,7.039999961853027,2005-12-22,7.099999904632568,6.974999904632568,7.050000190734863,6000
3026,6.390964031219482,6.789999961853027,2005-12-21,6.829999923706055,6.699999809265137,6.764999866485596,37400
3027,6.447437763214111,6.849999904632568,2005-12-20,6.90500020980835,6.849999904632568,6.900000095367432,9800
3028,6.541560649871826,6.949999809265137,2005-12-19,6.980000019073486,6.849999904632568,6.849999904632568,5800
3029,6.452144145965576,6.855000019073486,2005-12-16,6.929999828338623,6.855000019073486,6.894999980926514,7600
3030,6.588622570037842,7.0,2005-12-15,7.195000171661377,6.78000020980835,6.974999904632568,38600
3031,6.565091609954834,6.974999904632568,2005-12-14,7.014999866485596,6.940000057220459,6.945000171661377,20800
3032,6.5368547439575195,6.945000171661377,2005-12-13,6.985000133514404,6.914999961853027,6.914999961853027,6800
3033,6.508617877960205,6.914999961853027,2005-12-12,6.994999885559082,6.880000114440918,6.989999771118164,13600
3034,6.579209804534912,6.989999771118164,2005-12-09,7.010000228881836,6.980000019073486,7.010000228881836,18600
3035,6.560385227203369,6.96999979019165,2005-12-08,7.050000190734863,6.965000152587891,7.050000190734863,25400
3036,6.725100994110107,7.144999980926514,2005-12-07,7.230000019073486,7.110000133514404,7.204999923706055,12800
3037,6.758044242858887,7.179999828338623,2005-12-06,7.230000019073486,7.025000095367432,7.025000095367432,33000
3038,6.715689182281494,7.135000228881836,2005-12-05,7.144999980926514,7.03000020980835,7.130000114440918,4000
3039,6.659214496612549,7.074999809265137,2005-12-02,7.105000019073486,7.050000190734863,7.09499979019165,10000
3040,6.673333644866943,7.090000152587891,2005-12-01,7.244999885559082,7.014999866485596,7.239999771118164,32200
3041,6.814517974853516,7.239999771118164,2005-11-30,7.239999771118164,7.125,7.199999809265137,19200
3042,6.6498026847839355,7.065000057220459,2005-11-29,7.34499979019165,7.034999847412109,7.34499979019165,24600
3043,6.715689182281494,7.135000228881836,2005-11-28,7.255000114440918,7.105000019073486,7.255000114440918,25400
3044,6.692158222198486,7.110000133514404,2005-11-25,7.130000114440918,7.105000019073486,7.110000133514404,2600
3045,6.682745456695557,7.099999904632568,2005-11-23,7.179999828338623,7.085000038146973,7.179999828338623,10800
3046,6.856873512268066,7.284999847412109,2005-11-22,7.46999979019165,7.284999847412109,7.349999904632568,29800
3047,6.8192243576049805,7.244999885559082,2005-11-21,7.300000190734863,7.164999961853027,7.300000190734863,28200
3048,6.734513759613037,7.15500020980835,2005-11-18,7.394999980926514,6.760000228881836,6.855000019073486,80800
3049,6.207423210144043,6.59499979019165,2005-11-17,6.860000133514404,6.420000076293945,6.420000076293945,7800
3050,6.00035285949707,6.375,2005-11-16,6.519999980926514,6.304999828338623,6.519999980926514,12600
3051,6.103888034820557,6.485000133514404,2005-11-15,6.75,6.40500020980835,6.75,35000
3052,6.353314399719238,6.75,2005-11-14,6.965000152587891,6.75,6.809999942779541,16800
3053,6.522736072540283,6.929999828338623,2005-11-11,6.974999904632568,6.744999885559082,6.755000114440918,9400
3054,6.353314399719238,6.75,2005-11-10,6.920000076293945,6.75,6.920000076293945,16800
3055,6.499205589294434,6.90500020980835,2005-11-09,6.949999809265137,6.900000095367432,6.949999809265137,17800
3056,6.546267032623291,6.954999923706055,2005-11-08,6.985000133514404,6.900000095367432,6.985000133514404,13200
3057,6.588622570037842,7.0,2005-11-07,7.0,6.824999809265137,6.864999771118164,25600
3058,6.433319091796875,6.835000038146973,2005-11-04,6.974999904632568,6.820000171661377,6.820000171661377,15800
3059,6.414494514465332,6.815000057220459,2005-11-03,6.824999809265137,6.75,6.824999809265137,25600
3060,6.419200897216797,6.820000171661377,2005-11-02,6.929999828338623,6.755000114440918,6.824999809265137,35000
3061,6.4239068031311035,6.824999809265137,2005-11-01,6.824999809265137,6.78000020980835,6.804999828338623,15200
3062,6.414494514465332,6.815000057220459,2005-10-31,6.929999828338623,6.804999828338623,6.929999828338623,7200
3063,6.395669937133789,6.795000076293945,2005-10-28,7.0,6.795000076293945,7.0,11800
3064,6.50391149520874,6.909999847412109,2005-10-27,6.949999809265137,6.875,6.875,14600
3065,6.4615559577941895,6.864999771118164,2005-10-26,6.940000057220459,6.764999866485596,6.764999866485596,22000
3066,6.414494514465332,6.815000057220459,2005-10-25,6.84499979019165,6.730000019073486,6.775000095367432,27000
3067,6.348608493804932,6.744999885559082,2005-10-24,6.860000133514404,6.710000038146973,6.860000133514404,10800
3068,6.141537666320801,6.525000095367432,2005-10-21,6.599999904632568,6.335000038146973,6.599999904632568,8800
3069,6.226248264312744,6.614999771118164,2005-10-20,6.739999771118164,6.614999771118164,6.625,10400
3070,6.278016090393066,6.670000076293945,2005-10-19,6.71999979019165,6.585000038146973,6.675000190734863,20000
3071,6.254485130310059,6.644999980926514,2005-10-18,6.675000190734863,6.630000114440918,6.650000095367432,13800
3072,6.2403669357299805,6.630000114440918,2005-10-17,6.644999980926514,6.53000020980835,6.614999771118164,40200
3073,6.183893203735352,6.570000171661377,2005-10-14,6.570000171661377,6.525000095367432,6.53000020980835,23800
3074,6.150949478149414,6.534999847412109,2005-10-13,6.599999904632568,6.525000095367432,6.525000095367432,11400
3075,6.146243572235107,6.53000020980835,2005-10-12,6.590000152587891,6.440000057220459,6.525000095367432,34200
3076,6.146243572235107,6.53000020980835,2005-10-11,6.724999904632568,6.5,6.545000076293945,90400
3077,6.118006706237793,6.5,2005-10-10,6.650000095367432,6.425000190734863,6.650000095367432,417200
3078,6.141537666320801,6.525000095367432,2005-10-07,6.650000095367432,6.309999942779541,6.650000095367432,69400
3079,6.183893203735352,6.570000171661377,2005-10-06,6.625,6.510000228881836,6.619999885559082,15200
3080,6.1274189949035645,6.510000228881836,2005-10-05,6.625,6.380000114440918,6.619999885559082,25000
3081,6.16506814956665,6.550000190734863,2005-10-04,6.590000152587891,6.400000095367432,6.400000095367432,97000
3082,6.122713088989258,6.505000114440918,2005-10-03,6.550000190734863,6.5,6.550000190734863,3600
3083,6.1274189949035645,6.510000228881836,2005-09-30,6.650000095367432,6.505000114440918,6.650000095367432,20000
3084,6.169774055480957,6.554999828338623,2005-09-29,6.554999828338623,6.340000152587891,6.340000152587891,8200
3085,6.094475746154785,6.474999904632568,2005-09-28,6.574999809265137,6.425000190734863,6.494999885559082,11000
3086,6.113300323486328,6.494999885559082,2005-09-27,6.574999809265137,6.440000057220459,6.565000057220459,14600
3087,6.179186820983887,6.565000057220459,2005-09-26,6.570000171661377,6.230000019073486,6.489999771118164,26400
3088,5.981527805328369,6.355000019073486,2005-09-23,6.400000095367432,6.324999809265137,6.335000038146973,4400
3089,5.990940093994141,6.364999771118164,2005-09-22,6.505000114440918,6.340000152587891,6.505000114440918,5200
3090,5.906229496002197,6.275000095367432,2005-09-21,6.599999904632568,6.164999961853027,6.599999904632568,27200
3091,6.19801139831543,6.585000038146973,2005-09-20,6.639999866485596,6.514999866485596,6.625,21800
3092,6.169774055480957,6.554999828338623,2005-09-19,6.599999904632568,6.304999828338623,6.304999828338623,27600
3093,5.934466361999512,6.304999828338623,2005-09-16,6.304999828338623,6.179999828338623,6.275000095367432,11200
3094,5.901523113250732,6.269999980926514,2005-09-15,6.269999980926514,6.045000076293945,6.045000076293945,118400
3095,5.765044689178467,6.125,2005-09-14,6.25,6.045000076293945,6.25,19000
3096,5.910935878753662,6.28000020980835,2005-09-13,6.289999961853027,6.224999904632568,6.289999961853027,11200
3097,5.910935878753662,6.28000020980835,2005-09-12,6.289999961853027,6.190000057220459,6.21999979019165,104800
3098,5.934466361999512,6.304999828338623,2005-09-09,6.389999866485596,6.190000057220459,6.25,5800
3099,5.8262248039245605,6.190000057220459,2005-09-08,6.255000114440918,6.050000190734863,6.255000114440918,10000
3100,5.953290939331055,6.324999809265137,2005-09-07,6.375,6.255000114440918,6.375,10400
3101,5.934466361999512,6.304999828338623,2005-09-06,6.34499979019165,6.215000152587891,6.215000152587891,21800
3102,6.00035285949707,6.375,2005-09-02,6.375,6.275000095367432,6.324999809265137,7400
3103,6.070944786071777,6.449999809265137,2005-09-01,6.5,6.380000114440918,6.380000114440918,5600
3104,6.118006706237793,6.5,2005-08-31,6.5,6.114999771118164,6.239999771118164,36000
3105,5.990940093994141,6.364999771118164,2005-08-30,6.40500020980835,6.125,6.125,22200
3106,5.892111301422119,6.260000228881836,2005-08-29,6.34499979019165,6.125,6.34499979019165,8400
3107,5.873286247253418,6.239999771118164,2005-08-26,6.360000133514404,6.210000038146973,6.210000038146973,8000
3108,5.807400226593018,6.170000076293945,2005-08-25,6.559999942779541,6.150000095367432,6.559999942779541,23400
3109,5.953290939331055,6.324999809265137,2005-08-24,6.429999828338623,6.15500020980835,6.364999771118164,19800
3110,6.193305015563965,6.579999923706055,2005-08-23,6.59499979019165,6.360000133514404,6.360000133514404,88800
3111,5.986234188079834,6.360000133514404,2005-08-22,6.369999885559082,6.15500020980835,6.349999904632568,33200
3112,5.854461669921875,6.21999979019165,2005-08-19,6.275000095367432,6.125,6.150000095367432,6800
3113,5.788575649261475,6.150000095367432,2005-08-18,6.295000076293945,6.150000095367432,6.289999961853027,89600
3114,5.892111301422119,6.260000228881836,2005-08-17,6.425000190734863,6.25,6.369999885559082,26400
3115,6.056826591491699,6.434999942779541,2005-08-16,6.460000038146973,6.28000020980835,6.414999961853027,21400
3116,6.038002014160156,6.414999961853027,2005-08-15,6.75,6.375,6.75,102800
3117,6.386257648468018,6.784999847412109,2005-08-12,6.784999847412109,6.53000020980835,6.644999980926514,18200
3118,6.329783916473389,6.724999904632568,2005-08-11,6.784999847412109,6.630000114440918,6.760000228881836,22800
3119,6.306252956390381,6.699999809265137,2005-08-10,6.945000171661377,6.445000171661377,6.925000190734863,49800
3120,6.409788608551025,6.809999942779541,2005-08-09,6.869999885559082,6.474999904632568,6.599999904632568,66400
3121,6.150949478149414,6.534999847412109,2005-08-08,6.599999904632568,6.420000076293945,6.53000020980835,21200
3122,6.005058765411377,6.380000114440918,2005-08-05,6.440000057220459,6.375,6.40500020980835,77800
3123,6.014471054077148,6.389999866485596,2005-08-04,6.440000057220459,6.375,6.40500020980835,71000
3124,6.02388334274292,6.400000095367432,2005-08-03,6.445000171661377,6.400000095367432,6.445000171661377,39000
3125,6.080357551574707,6.460000038146973,2005-08-02,6.465000152587891,6.409999847412109,6.449999809265137,15000
3126,6.070944786071777,6.449999809265137,2005-08-01,6.585000038146973,6.449999809265137,6.574999809265137,72000
3127,6.122713088989258,6.505000114440918,2005-07-29,6.599999904632568,6.474999904632568,6.474999904632568,19400
3128,6.1274189949035645,6.510000228881836,2005-07-28,6.519999980926514,6.474999904632568,6.474999904632568,29600
3129,6.094475746154785,6.474999904632568,2005-07-27,6.505000114440918,6.375,6.5,43800
3130,6.047414302825928,6.425000190734863,2005-07-26,6.5,6.425000190734863,6.449999809265137,26600
3131,6.070944786071777,6.449999809265137,2005-07-25,6.550000190734863,6.420000076293945,6.420000076293945,36200
3132,6.075651168823242,6.454999923706055,2005-07-22,6.550000190734863,6.414999961853027,6.550000190734863,18800
3133,6.122713088989258,6.505000114440918,2005-07-21,6.505000114440918,6.414999961853027,6.429999828338623,20600
3134,6.052120208740234,6.429999828338623,2005-07-20,6.514999866485596,6.425000190734863,6.514999866485596,21800
3135,6.047414302825928,6.425000190734863,2005-07-19,6.574999809265137,6.400000095367432,6.550000190734863,60200
3136,6.226248264312744,6.614999771118164,2005-07-18,6.75,6.574999809265137,6.75,74800
3137,6.301547050476074,6.695000171661377,2005-07-15,6.744999885559082,6.650000095367432,6.744999885559082,43000
3138,6.306252956390381,6.699999809265137,2005-07-14,6.715000152587891,6.625,6.625,29800
3139,6.226248264312744,6.614999771118164,2005-07-13,6.625,6.559999942779541,6.579999923706055,69000
3140,6.080357551574707,6.460000038146973,2005-07-12,6.579999923706055,6.230000019073486,6.25,102600
3141,5.868580341339111,6.235000133514404,2005-07-11,6.244999885559082,6.039999961853027,6.215000152587891,56600
3142,5.708570957183838,6.065000057220459,2005-07-08,6.079999923706055,5.864999771118164,5.985000133514404,99000
3143,5.642684459686279,5.994999885559082,2005-07-07,6.03000020980835,5.614999771118164,5.985000133514404,104800
3144,5.520324230194092,5.864999771118164,2005-07-06,5.940000057220459,5.84499979019165,5.84499979019165,48000
3145,5.496793746948242,5.840000152587891,2005-07-05,5.885000228881836,5.730000019073486,5.730000019073486,261600
3146,5.393258094787598,5.730000019073486,2005-07-01,5.994999885559082,5.639999866485596,5.795000076293945,81000
3147,5.412082672119141,5.75,2005-06-30,5.75,5.534999847412109,5.699999809265137,317000
3148,5.365021228790283,5.699999809265137,2005-06-29,7.0,5.684999942779541,6.849999904632568,1471400
3149,6.118006706237793,6.5,2005-06-28,6.550000190734863,6.255000114440918,6.255000114440918,46600
3150,5.816812515258789,6.179999828338623,2005-06-27,6.230000019073486,6.150000095367432,6.150000095367432,5600
3151,5.830931186676025,6.195000171661377,2005-06-24,6.239999771118164,6.105000019073486,6.105000019073486,10400
3152,5.7744574546813965,6.135000228881836,2005-06-23,6.360000133514404,5.949999809265137,6.324999809265137,44600
3153,5.953290939331055,6.324999809265137,2005-06-22,6.400000095367432,6.324999809265137,6.364999771118164,18200
3154,5.990940093994141,6.364999771118164,2005-06-21,6.429999828338623,6.364999771118164,6.364999771118164,25600
3155,5.990940093994141,6.364999771118164,2005-06-20,6.389999866485596,6.25,6.255000114440918,21400
3156,5.8826985359191895,6.25,2005-06-17,6.275000095367432,6.244999885559082,6.25,17800
3157,5.8826985359191895,6.25,2005-06-16,6.264999866485596,6.25,6.264999866485596,18400
3158,5.948585033416748,6.320000171661377,2005-06-15,6.364999771118164,6.25,6.364999771118164,36400
3159,5.990940093994141,6.364999771118164,2005-06-14,6.445000171661377,6.175000190734863,6.445000171661377,50600
3160,6.122713088989258,6.505000114440918,2005-06-13,6.840000152587891,6.454999923706055,6.840000152587891,79200
3161,6.282722473144531,6.675000190734863,2005-06-10,6.784999847412109,6.275000095367432,6.275000095367432,109600
3162,5.8826985359191895,6.25,2005-06-09,6.269999980926514,6.125,6.239999771118164,21200
3163,5.859167575836182,6.224999904632568,2005-06-08,6.25,6.139999866485596,6.224999904632568,17600
3164,5.765044689178467,6.125,2005-06-07,6.25,6.065000057220459,6.150000095367432,13400
3165,5.68503999710083,6.039999961853027,2005-06-06,6.139999866485596,6.025000095367432,6.090000152587891,16600
3166,5.703864574432373,6.059999942779541,2005-06-03,6.099999904632568,6.0,6.045000076293945,190800
3167,5.703864574432373,6.059999942779541,2005-06-02,6.275000095367432,6.059999942779541,6.275000095367432,16400
3168,5.901523113250732,6.269999980926514,2005-06-01,6.300000190734863,6.235000133514404,6.235000133514404,27600
3169,5.868580341339111,6.235000133514404,2005-05-31,6.275000095367432,6.190000057220459,6.25,37800
3170,5.835637092590332,6.199999809265137,2005-05-27,6.215000152587891,6.139999866485596,6.139999866485596,39600
3171,5.8826985359191895,6.25,2005-05-26,6.25,6.074999809265137,6.074999809265137,40000
3172,5.732101917266846,6.090000152587891,2005-05-25,6.099999904632568,6.050000190734863,6.070000171661377,6200
3173,5.741513729095459,6.099999904632568,2005-05-24,6.099999904632568,6.025000095367432,6.099999904632568,32600
3174,5.699158191680908,6.054999828338623,2005-05-23,6.099999904632568,5.989999771118164,6.099999904632568,47800
3175,5.675627708435059,6.03000020980835,2005-05-20,6.119999885559082,6.025000095367432,6.059999942779541,6200
3176,5.670921802520752,6.025000095367432,2005-05-19,6.119999885559082,6.0,6.0,24000
3177,5.675627708435059,6.03000020980835,2005-05-18,6.139999866485596,6.0,6.099999904632568,9400
3178,5.666215419769287,6.019999980926514,2005-05-17,6.070000171661377,5.949999809265137,5.949999809265137,7200
3179,5.652097225189209,6.005000114440918,2005-05-16,6.074999809265137,6.0,6.074999809265137,12200
3180,5.647390842437744,6.0,2005-05-13,6.065000057220459,5.949999809265137,5.960000038146973,40200
3181,5.647390842437744,6.0,2005-05-12,6.010000228881836,5.885000228881836,5.909999847412109,34000
3182,5.515618324279785,5.860000133514404,2005-05-11,5.914999961853027,5.675000190734863,5.914999961853027,17200
3183,5.572092056274414,5.920000076293945,2005-05-10,6.059999942779541,5.824999809265137,6.054999828338623,11600
3184,5.647390842437744,6.0,2005-05-09,6.010000228881836,5.784999847412109,5.784999847412109,10400
3185,5.454438209533691,5.795000076293945,2005-05-06,5.860000133514404,5.739999771118164,5.739999771118164,8000
3186,5.520324230194092,5.864999771118164,2005-05-05,5.934999942779541,5.71999979019165,5.869999885559082,24400
3187,5.4167890548706055,5.755000114440918,2005-05-04,5.78000020980835,5.65500020980835,5.684999942779541,15200
3188,5.435613632202148,5.775000095367432,2005-05-03,5.78000020980835,5.659999847412109,5.730000019073486,22800
3189,5.365021228790283,5.699999809265137,2005-05-02,5.78000020980835,5.465000152587891,5.474999904632568,26000
3190,5.1532440185546875,5.474999904632568,2005-04-29,5.514999866485596,5.369999885559082,5.494999885559082,15200
3191,5.186187267303467,5.510000228881836,2005-04-28,5.639999866485596,5.494999885559082,5.639999866485596,10800
3192,5.360315322875977,5.695000171661377,2005-04-27,5.710000038146973,5.625,5.625,96000
3193,5.294428825378418,5.625,2005-04-26,5.78000020980835,5.554999828338623,5.730000019073486,14800
3194,5.383845806121826,5.71999979019165,2005-04-25,5.75,5.539999961853027,5.650000095367432,16400
3195,5.27089786529541,5.599999904632568,2005-04-22,5.764999866485596,5.34499979019165,5.494999885559082,41600
3196,5.125007152557373,5.445000171661377,2005-04-21,5.550000190734863,5.369999885559082,5.550000190734863,48000
3197,5.275604248046875,5.605000019073486,2005-04-20,5.670000076293945,5.239999771118164,5.239999771118164,116000
3198,5.073239326477051,5.389999866485596,2005-04-19,5.505000114440918,5.130000114440918,5.255000114440918,46000
3199,4.997940540313721,5.309999942779541,2005-04-18,5.380000114440918,5.275000095367432,5.34499979019165,13200
3200,5.012059211730957,5.324999809265137,2005-04-15,5.465000152587891,5.269999980926514,5.449999809265137,32000
3201,5.157950401306152,5.480000019073486,2005-04-14,5.510000228881836,5.425000190734863,5.505000114440918,21200
3202,5.219130516052246,5.545000076293945,2005-04-13,5.809999942779541,5.505000114440918,5.755000114440918,16000
3203,5.365021228790283,5.699999809265137,2005-04-12,5.755000114440918,5.65500020980835,5.65500020980835,8600
3204,5.317959785461426,5.650000095367432,2005-04-11,5.739999771118164,5.625,5.650000095367432,11600
3205,5.3979644775390625,5.735000133514404,2005-04-08,5.739999771118164,5.625,5.670000076293945,10400
3206,5.374433517456055,5.710000038146973,2005-04-07,5.769999980926514,5.670000076293945,5.684999942779541,12400
3207,5.393258094787598,5.730000019073486,2005-04-06,5.849999904632568,5.639999866485596,5.849999904632568,15600
3208,5.525030612945557,5.869999885559082,2005-04-05,5.885000228881836,5.625,5.739999771118164,31600
3209,5.412082672119141,5.75,2005-04-04,5.840000152587891,5.644999980926514,5.824999809265137,74000
3210,5.435613632202148,5.775000095367432,2005-04-01,5.864999771118164,5.619999885559082,5.78000020980835,17800
3211,5.492087364196777,5.835000038146973,2005-03-31,5.920000076293945,5.78000020980835,5.920000076293945,17800
3212,5.5815043449401855,5.929999828338623,2005-03-30,6.295000076293945,5.610000133514404,5.800000190734863,64800
3213,5.332077980041504,5.664999961853027,2005-03-29,5.815000057220459,5.650000095367432,5.789999961853027,12400
3214,5.482675075531006,5.824999809265137,2005-03-28,5.914999961853027,5.75,5.820000171661377,78800
3215,5.609741687774658,5.960000038146973,2005-03-24,6.0,5.949999809265137,5.949999809265137,44800
3216,5.680333614349365,6.034999847412109,2005-03-23,6.210000038146973,5.78000020980835,6.210000038146973,34400
3217,5.7744574546813965,6.135000228881836,2005-03-22,6.215000152587891,6.090000152587891,6.175000190734863,17600
3218,5.8450493812561035,6.210000038146973,2005-03-21,6.320000171661377,6.150000095367432,6.260000228881836,28600
3219,5.8826985359191895,6.25,2005-03-18,6.255000114440918,6.050000190734863,6.130000114440918,32200
3220,5.835637092590332,6.199999809265137,2005-03-17,6.235000133514404,6.175000190734863,6.215000152587891,22400
3221,5.8638739585876465,6.230000019073486,2005-03-16,6.440000057220459,6.210000038146973,6.394999980926514,92400
3222,6.080357551574707,6.460000038146973,2005-03-15,6.730000019073486,6.420000076293945,6.730000019073486,32600
3223,6.066238880157471,6.445000171661377,2005-03-14,6.574999809265137,6.375,6.574999809265137,61600
3224,6.216835975646973,6.605000019073486,2005-03-11,6.605000019073486,6.534999847412109,6.590000152587891,15200
3225,6.155655860900879,6.539999961853027,2005-03-10,6.75,6.485000133514404,6.75,15200
3226,6.136831283569336,6.519999980926514,2005-03-09,6.724999904632568,6.440000057220459,6.440000057220459,49600
3227,6.132124900817871,6.514999866485596,2005-03-08,6.574999809265137,6.425000190734863,6.425000190734863,96200
3228,6.075651168823242,6.454999923706055,2005-03-07,6.494999885559082,6.400000095367432,6.400000095367432,27000
3229,6.070944786071777,6.449999809265137,2005-03-04,6.5,6.385000228881836,6.434999942779541,25400
3230,6.056826591491699,6.434999942779541,2005-03-03,6.5,6.309999942779541,6.309999942779541,47800
3231,6.019177436828613,6.394999980926514,2005-03-02,6.539999961853027,6.309999942779541,6.369999885559082,47400
3232,6.005058765411377,6.380000114440918,2005-03-01,6.590000152587891,6.355000019073486,6.505000114440918,564800
3233,6.1274189949035645,6.510000228881836,2005-02-28,6.579999923706055,6.449999809265137,6.449999809265137,85200
3234,6.113300323486328,6.494999885559082,2005-02-25,6.574999809265137,6.300000190734863,6.320000171661377,135600
3235,6.09918212890625,6.480000019073486,2005-02-24,6.494999885559082,6.309999942779541,6.349999904632568,24200
3236,5.990940093994141,6.364999771118164,2005-02-23,6.474999904632568,6.360000133514404,6.449999809265137,28000
3237,6.075651168823242,6.454999923706055,2005-02-22,6.590000152587891,6.400000095367432,6.400000095367432,84000
3238,6.038002014160156,6.414999961853027,2005-02-18,6.639999866485596,6.355000019073486,6.550000190734863,74800
3239,6.09918212890625,6.480000019073486,2005-02-17,6.480000019073486,6.184999942779541,6.184999942779541,54600
3240,5.821518421173096,6.184999942779541,2005-02-16,6.440000057220459,6.090000152587891,6.394999980926514,270200
3241,6.141537666320801,6.525000095367432,2005-02-15,6.625,6.425000190734863,6.610000133514404,83600
3242,6.216835975646973,6.605000019073486,2005-02-14,7.25,6.550000190734863,7.150000095367432,390800
3243,7.336901664733887,7.795000076293945,2005-02-11,7.914999961853027,7.369999885559082,7.389999866485596,120600
3244,7.096887588500977,7.539999961853027,2005-02-10,8.095000267028809,7.394999980926514,7.855000019073486,135400
3245,7.576916217803955,8.050000190734863,2005-02-09,8.569999694824219,7.65500020980835,7.679999828338623,454000
3246,7.172185897827148,7.619999885559082,2005-02-08,7.75,6.675000190734863,6.675000190734863,754200
3247,6.047414302825928,6.425000190734863,2005-02-07,6.5,6.360000133514404,6.5,12600
3248,6.118006706237793,6.5,2005-02-04,6.599999904632568,6.329999923706055,6.59499979019165,14200
3249,6.09918212890625,6.480000019073486,2005-02-03,6.599999904632568,6.360000133514404,6.434999942779541,26200
3250,5.939172744750977,6.309999942779541,2005-02-02,6.519999980926514,6.25,6.5,19200
3251,6.146243572235107,6.53000020980835,2005-02-01,6.875,6.349999904632568,6.5,36200
3252,6.19801139831543,6.585000038146973,2005-01-31,6.664999961853027,6.150000095367432,6.150000095367432,100400
3253,5.877992630004883,6.244999885559082,2005-01-28,6.295000076293945,5.505000114440918,5.875,32400
3254,5.590916633605957,5.940000057220459,2005-01-27,6.09499979019165,5.880000114440918,6.0,33800
3255,5.670921802520752,6.025000095367432,2005-01-26,6.034999847412109,5.855000019073486,5.929999828338623,25000
3256,5.647390842437744,6.0,2005-01-25,6.269999980926514,5.96999979019165,5.96999979019165,32800
3257,5.680333614349365,6.034999847412109,2005-01-24,6.324999809265137,5.960000038146973,6.324999809265137,35400
3258,5.948585033416748,6.320000171661377,2005-01-21,6.349999904632568,6.320000171661377,6.329999923706055,20200
3259,5.915641784667969,6.284999847412109,2005-01-20,6.34499979019165,6.230000019073486,6.230000019073486,9200
3260,5.892111301422119,6.260000228881836,2005-01-19,6.289999961853027,6.079999923706055,6.269999980926514,4000
3261,5.948585033416748,6.320000171661377,2005-01-18,6.349999904632568,6.195000171661377,6.199999809265137,29000
3262,5.830931186676025,6.195000171661377,2005-01-14,6.289999961853027,6.195000171661377,6.255000114440918,32400
3263,5.821518421173096,6.184999942779541,2005-01-13,6.264999866485596,6.034999847412109,6.264999866485596,15600
3264,5.750926494598389,6.110000133514404,2005-01-12,6.25,6.039999961853027,6.25,40000
3265,5.812106609344482,6.175000190734863,2005-01-11,6.199999809265137,6.099999904632568,6.099999904632568,86000
3266,5.746220111846924,6.105000019073486,2005-01-10,6.105000019073486,6.010000228881836,6.054999828338623,69200
3267,5.652097225189209,6.005000114440918,2005-01-07,6.070000171661377,5.96999979019165,6.0,10800
3268,5.708570957183838,6.065000057220459,2005-01-06,6.074999809265137,5.949999809265137,6.03000020980835,22400
3269,5.666215419769287,6.019999980926514,2005-01-05,6.070000171661377,5.875,5.875,21200
3270,5.680333614349365,6.034999847412109,2005-01-04,6.085000038146973,5.690000057220459,5.784999847412109,145000
3271,5.44502592086792,5.784999847412109,2005-01-03,5.900000095367432,5.639999866485596,5.829999923706055,34800
3272,5.557973861694336,5.90500020980835,2004-12-31,5.974999904632568,5.900000095367432,5.925000190734863,21400
3273,5.623859882354736,5.974999904632568,2004-12-30,5.985000133514404,5.795000076293945,5.800000190734863,29400
3274,5.407376289367676,5.744999885559082,2004-12-29,6.074999809265137,5.570000171661377,5.605000019073486,90000
3275,5.266191482543945,5.59499979019165,2004-12-28,5.610000133514404,5.505000114440918,5.525000095367432,30000
3276,5.176774978637695,5.5,2004-12-27,5.5,5.380000114440918,5.389999866485596,128600
3277,5.139125823974609,5.460000038146973,2004-12-23,5.489999771118164,5.425000190734863,5.434999942779541,30000
3278,5.125007152557373,5.445000171661377,2004-12-22,5.670000076293945,5.434999942779541,5.65500020980835,61200
3279,5.214424133300781,5.539999961853027,2004-12-21,5.900000095367432,5.449999809265137,5.900000095367432,53600
3280,5.463850498199463,5.804999828338623,2004-12-20,5.875,5.78000020980835,5.869999885559082,27200
3281,5.534442901611328,5.880000114440918,2004-12-17,6.005000114440918,5.880000114440918,6.0,8200
3282,5.717982769012451,6.074999809265137,2004-12-16,6.114999771118164,6.0,6.090000152587891,37800
3283,5.732101917266846,6.090000152587891,2004-12-15,6.150000095367432,6.025000095367432,6.150000095367432,16400
3284,5.694452285766602,6.050000190734863,2004-12-14,6.25,6.019999980926514,6.244999885559082,12000
3285,5.873286247253418,6.239999771118164,2004-12-13,6.239999771118164,6.105000019073486,6.105000019073486,20200
3286,5.854461669921875,6.21999979019165,2004-12-10,6.364999771118164,5.875,6.054999828338623,28000
3287,5.736807346343994,6.09499979019165,2004-12-09,6.235000133514404,5.840000152587891,5.869999885559082,6600
3288,5.628566265106201,5.980000019073486,2004-12-08,6.25,5.75,6.204999923706055,22400
3289,5.8450493812561035,6.210000038146973,2004-12-07,6.349999904632568,6.195000171661377,6.324999809265137,13400
3290,5.915641784667969,6.284999847412109,2004-12-06,6.320000171661377,6.074999809265137,6.119999885559082,17800
3291,5.887404918670654,6.255000114440918,2004-12-03,6.375,6.204999923706055,6.28000020980835,21600
3292,5.892111301422119,6.260000228881836,2004-12-02,6.400000095367432,6.114999771118164,6.179999828338623,48200
3293,5.769751071929932,6.130000114440918,2004-12-01,6.21999979019165,6.0,6.21999979019165,53800
3294,5.915641784667969,6.284999847412109,2004-11-30,6.369999885559082,6.21999979019165,6.275000095367432,24400
3295,5.943878650665283,6.315000057220459,2004-11-29,6.324999809265137,5.789999961853027,5.789999961853027,112000
3296,5.42149543762207,5.760000228881836,2004-11-26,5.900000095367432,5.75,5.75,20200
3297,5.4167890548706055,5.755000114440918,2004-11-24,5.820000171661377,5.5,5.570000171661377,50800
3298,5.209717750549316,5.534999847412109,2004-11-23,5.699999809265137,5.525000095367432,5.610000133514404,31400
3299,5.200305938720703,5.525000095367432,2004-11-22,5.630000114440918,5.5,5.625,29600
3300,5.327371597290039,5.659999847412109,2004-11-19,5.900000095367432,5.445000171661377,5.695000171661377,30400
3301,5.454438209533691,5.795000076293945,2004-11-18,5.934999942779541,5.639999866485596,5.639999866485596,70400
3302,5.101476192474365,5.420000076293945,2004-11-17,5.614999771118164,5.394999980926514,5.554999828338623,39400
3303,5.115594863891602,5.434999942779541,2004-11-16,5.840000152587891,5.434999942779541,5.840000152587891,42800
3304,5.148537635803223,5.46999979019165,2004-11-15,5.989999771118164,5.150000095367432,5.989999771118164,64000
3305,5.534442901611328,5.880000114440918,2004-11-12,5.954999923706055,5.855000019073486,5.920000076293945,16000
3306,5.44502592086792,5.784999847412109,2004-11-11,5.934999942779541,5.605000019073486,5.605000019073486,50200
3307,5.266191482543945,5.59499979019165,2004-11-10,5.59499979019165,5.40500020980835,5.5,28200
3308,5.148537635803223,5.46999979019165,2004-11-09,5.494999885559082,5.28000020980835,5.28000020980835,13600
3309,5.012059211730957,5.324999809265137,2004-11-08,5.525000095367432,5.150000095367432,5.5,22400
3310,5.1720685958862305,5.494999885559082,2004-11-05,5.5,4.900000095367432,4.900000095367432,100600
3311,4.612035751342773,4.900000095367432,2004-11-04,4.949999809265137,4.855000019073486,4.869999885559082,20000
3312,4.612035751342773,4.900000095367432,2004-11-03,5.135000228881836,4.849999904632568,4.869999885559082,40800
3313,4.621448040008545,4.909999847412109,2004-11-02,4.949999809265137,4.855000019073486,4.940000057220459,48000
3314,4.649684906005859,4.940000057220459,2004-11-01,5.03000020980835,4.900000095367432,4.900000095367432,41200
3315,4.635566711425781,4.925000190734863,2004-10-29,4.994999885559082,4.824999809265137,4.860000133514404,42800
3316,4.640272617340088,4.929999828338623,2004-10-28,5.019999980926514,4.929999828338623,5.019999980926514,25200
3317,4.668509483337402,4.960000038146973,2004-10-27,5.0,4.90500020980835,4.90500020980835,26200
3318,4.696746349334717,4.989999771118164,2004-10-26,5.0,4.914999961853027,4.985000133514404,11600
3319,4.6873345375061035,4.980000019073486,2004-10-25,5.099999904632568,4.90500020980835,5.099999904632568,21600
3320,4.739101886749268,5.034999847412109,2004-10-22,5.034999847412109,4.659999847412109,4.894999980926514,69600
3321,4.616742134094238,4.90500020980835,2004-10-21,4.974999904632568,4.875,4.909999847412109,11000
3322,4.7061591148376465,5.0,2004-10-20,5.224999904632568,4.900000095367432,5.175000190734863,39800
3323,4.621448040008545,4.909999847412109,2004-10-19,5.0,4.699999809265137,5.0,27200
3324,4.612035751342773,4.900000095367432,2004-10-18,5.119999885559082,4.880000114440918,5.119999885559082,50800
3325,4.753220558166504,5.050000190734863,2004-10-15,5.070000171661377,5.050000190734863,5.050000190734863,12400
3326,4.7767510414123535,5.074999809265137,2004-10-14,5.195000171661377,5.074999809265137,5.195000171661377,6800
3327,4.847343921661377,5.150000095367432,2004-10-13,5.175000190734863,5.074999809265137,5.099999904632568,8400
3328,4.7955756187438965,5.09499979019165,2004-10-12,5.15500020980835,5.050000190734863,5.050000190734863,6600
3329,4.804988384246826,5.105000019073486,2004-10-11,5.224999904632568,5.054999828338623,5.224999904632568,6000
3330,4.847343921661377,5.150000095367432,2004-10-08,5.175000190734863,5.125,5.125,29800
3331,4.884993076324463,5.190000057220459,2004-10-07,5.429999828338623,5.175000190734863,5.179999828338623,18800
3332,4.974410057067871,5.284999847412109,2004-10-06,5.349999904632568,5.125,5.125,20600
3333,4.908524036407471,5.215000152587891,2004-10-05,5.295000076293945,5.150000095367432,5.150000095367432,14200
3334,4.903817653656006,5.210000038146973,2004-10-04,5.269999980926514,5.139999866485596,5.195000171661377,42200
3335,4.894404888153076,5.199999809265137,2004-10-01,5.239999771118164,5.125,5.224999904632568,11200
3336,4.922642230987549,5.230000019073486,2004-09-30,5.275000095367432,5.0,5.050000190734863,20400
3337,4.743808269500732,5.039999961853027,2004-09-29,5.050000190734863,5.03000020980835,5.050000190734863,10400
3338,4.7579264640808105,5.054999828338623,2004-09-28,5.074999809265137,5.0,5.025000095367432,22600
3339,4.753220558166504,5.050000190734863,2004-09-27,5.054999828338623,5.025000095367432,5.03000020980835,32000
3340,4.79086971282959,5.090000152587891,2004-09-24,5.195000171661377,4.925000190734863,4.989999771118164,15400
3341,4.710865020751953,5.005000114440918,2004-09-23,5.300000190734863,4.875,5.190000057220459,37800
3342,4.739101886749268,5.034999847412109,2004-09-22,5.275000095367432,5.014999866485596,5.264999866485596,23400
3343,5.1720685958862305,5.494999885559082,2004-09-21,5.494999885559082,5.054999828338623,5.369999885559082,56000
3344,5.087357997894287,5.40500020980835,2004-09-20,5.5,5.34499979019165,5.5,7400
3345,5.0308837890625,5.34499979019165,2004-09-17,5.46999979019165,5.25,5.40500020980835,18400
3346,5.035590171813965,5.349999904632568,2004-09-16,5.465000152587891,5.324999809265137,5.355000019073486,16000
3347,5.0591206550598145,5.375,2004-09-15,5.485000133514404,5.375,5.434999942779541,12600
3348,5.115594863891602,5.434999942779541,2004-09-14,5.494999885559082,5.429999828338623,5.474999904632568,10200
3349,5.1532440185546875,5.474999904632568,2004-09-13,5.550000190734863,5.474999904632568,5.550000190734863,13400
3350,5.115594863891602,5.434999942779541,2004-09-10,5.545000076293945,5.429999828338623,5.429999828338623,7200
3351,5.162656307220459,5.485000133514404,2004-09-09,5.539999961853027,5.440000057220459,5.539999961853027,27800
3352,5.176774978637695,5.5,2004-09-08,5.525000095367432,5.409999847412109,5.5,33200
3353,5.162656307220459,5.485000133514404,2004-09-07,5.489999771118164,5.349999904632568,5.434999942779541,22200
3354,5.035590171813965,5.349999904632568,2004-09-03,5.570000171661377,5.255000114440918,5.570000171661377,4600
3355,5.1532440185546875,5.474999904632568,2004-09-02,5.480000019073486,5.449999809265137,5.454999923706055,16600
3356,5.186187267303467,5.510000228881836,2004-09-01,5.610000133514404,5.510000228881836,5.610000133514404,22000
3357,5.3038411140441895,5.635000228881836,2004-08-31,5.789999961853027,5.429999828338623,5.789999961853027,44800
3358,5.285016059875488,5.614999771118164,2004-08-30,5.699999809265137,5.070000171661377,5.099999904632568,64400
3359,4.880286693572998,5.184999942779541,2004-08-27,5.25,4.860000133514404,4.914999961853027,29200
3360,4.701452732086182,4.994999885559082,2004-08-26,5.065000057220459,4.875,4.875,33200
3361,4.69204044342041,4.985000133514404,2004-08-25,5.230000019073486,4.90500020980835,5.230000019073486,14600
3362,4.715571403503418,5.010000228881836,2004-08-24,5.21999979019165,5.0,5.159999847412109,15600
3363,4.804988384246826,5.105000019073486,2004-08-23,5.119999885559082,5.045000076293945,5.045000076293945,17000
3364,4.748514652252197,5.045000076293945,2004-08-20,5.045000076293945,4.90500020980835,4.90500020980835,13200
3365,4.663803577423096,4.954999923706055,2004-08-19,5.059999942779541,4.900000095367432,5.059999942779541,23000
3366,4.762632846832275,5.059999942779541,2004-08-18,5.199999809265137,5.059999942779541,5.09499979019165,19400
3367,4.85675573348999,5.159999847412109,2004-08-17,5.244999885559082,5.125,5.175000190734863,29200
3368,4.936760425567627,5.244999885559082,2004-08-16,5.25,5.184999942779541,5.25,21400
3369,4.913229942321777,5.21999979019165,2004-08-13,5.230000019073486,4.909999847412109,5.005000114440918,43800
3370,4.696746349334717,4.989999771118164,2004-08-12,5.050000190734863,4.949999809265137,5.050000190734863,16200
3371,4.7249836921691895,5.019999980926514,2004-08-11,5.125,4.925000190734863,5.125,17600
3372,4.804988384246826,5.105000019073486,2004-08-10,5.119999885559082,4.90500020980835,4.994999885559082,9400
3373,4.635566711425781,4.925000190734863,2004-08-09,5.09499979019165,4.900000095367432,5.034999847412109,21000
3374,4.823812961578369,5.125,2004-08-06,5.190000057220459,5.074999809265137,5.164999961853027,19000
3375,4.86616849899292,5.170000076293945,2004-08-05,5.175000190734863,5.050000190734863,5.059999942779541,73200
3376,4.739101886749268,5.034999847412109,2004-08-04,5.054999828338623,4.940000057220459,4.945000171661377,19800
3377,4.612035751342773,4.900000095367432,2004-08-03,4.90500020980835,4.869999885559082,4.875,30400
3378,4.564974308013916,4.849999904632568,2004-08-02,4.875,4.65500020980835,4.764999866485596,12800
3379,4.3108415603637695,4.579999923706055,2004-07-30,4.635000228881836,4.489999771118164,4.519999980926514,6600
3380,4.1790690422058105,4.440000057220459,2004-07-29,4.545000076293945,4.440000057220459,4.545000076293945,18200
3381,4.21201229095459,4.474999904632568,2004-07-28,4.559999942779541,4.474999904632568,4.5,69000
3382,4.287310600280762,4.554999828338623,2004-07-27,4.554999828338623,4.460000038146973,4.465000152587891,64800
3383,4.230836868286133,4.494999885559082,2004-07-26,4.579999923706055,4.46999979019165,4.46999979019165,14000
3384,4.254367828369141,4.519999980926514,2004-07-23,4.585000038146973,4.400000095367432,4.400000095367432,73400
3385,4.324959754943848,4.59499979019165,2004-07-22,4.639999866485596,4.574999809265137,4.639999866485596,38200
3386,4.400259017944336,4.675000190734863,2004-07-21,4.684999942779541,4.644999980926514,4.664999961853027,33600
3387,4.494381904602051,4.775000095367432,2004-07-20,4.789999961853027,4.545000076293945,4.789999961853027,75800
3388,4.433201789855957,4.710000038146973,2004-07-19,4.800000190734863,4.699999809265137,4.800000190734863,49600
3389,4.494381904602051,4.775000095367432,2004-07-16,4.869999885559082,4.775000095367432,4.829999923706055,11600
3390,4.536737442016602,4.820000171661377,2004-07-15,4.880000114440918,4.755000114440918,4.880000114440918,19600
3391,4.597917556762695,4.885000228881836,2004-07-14,4.909999847412109,4.775000095367432,4.775000095367432,21600
3392,4.602623462677002,4.889999866485596,2004-07-13,4.929999828338623,4.795000076293945,4.909999847412109,37600
3393,4.621448040008545,4.909999847412109,2004-07-12,5.199999809265137,4.804999828338623,5.150000095367432,29200
3394,4.875580310821533,5.179999828338623,2004-07-09,5.275000095367432,5.179999828338623,5.264999866485596,11200
3395,5.0214715003967285,5.335000038146973,2004-07-08,5.349999904632568,5.264999866485596,5.275000095367432,12800
3396,4.988528728485107,5.300000190734863,2004-07-07,5.465000152587891,5.275000095367432,5.400000095367432,14000
3397,5.092063903808594,5.409999847412109,2004-07-06,5.434999942779541,5.199999809265137,5.224999904632568,66000
3398,5.016765117645264,5.329999923706055,2004-07-02,5.380000114440918,5.324999809265137,5.369999885559082,10800
3399,5.012059211730957,5.324999809265137,2004-07-01,5.5,5.324999809265137,5.5,23400
3400,5.026177883148193,5.340000152587891,2004-06-30,5.429999828338623,5.25,5.340000152587891,41800
3401,5.0214715003967285,5.335000038146973,2004-06-29,5.349999904632568,5.315000057220459,5.34499979019165,12800
3402,5.092063903808594,5.409999847412109,2004-06-28,5.460000038146973,5.304999828338623,5.380000114440918,26200
3403,5.176774978637695,5.5,2004-06-25,6.114999771118164,5.304999828338623,5.364999771118164,71000
3404,5.0308837890625,5.34499979019165,2004-06-24,5.40500020980835,5.304999828338623,5.349999904632568,22000
3405,5.082651615142822,5.400000095367432,2004-06-23,5.420000076293945,5.25,5.295000076293945,55400
3406,4.9697041511535645,5.28000020980835,2004-06-22,5.320000171661377,5.190000057220459,5.195000171661377,108000
3407,4.870874881744385,5.175000190734863,2004-06-21,5.670000076293945,5.175000190734863,5.625,44600
3408,5.209717750549316,5.534999847412109,2004-06-18,5.809999942779541,5.534999847412109,5.809999942779541,38600
3409,5.341490745544434,5.675000190734863,2004-06-17,6.045000076293945,5.659999847412109,6.045000076293945,35200
3410,5.529736518859863,5.875,2004-06-16,6.21999979019165,5.824999809265137,6.21999979019165,59200
3411,5.8826985359191895,6.25,2004-06-15,6.309999942779541,5.934999942779541,5.940000057220459,54400
3412,5.5438551902771,5.889999866485596,2004-06-14,6.045000076293945,5.804999828338623,6.045000076293945,28400
3413,5.553267478942871,5.900000095367432,2004-06-10,5.954999923706055,5.75,5.954999923706055,17800
3414,5.506206035614014,5.849999904632568,2004-06-09,6.070000171661377,5.610000133514404,5.610000133514404,57400
3415,5.355608940124512,5.690000057220459,2004-06-08,6.010000228881836,5.570000171661377,5.664999961853027,45000
3416,5.383845806121826,5.71999979019165,2004-06-07,5.764999866485596,5.619999885559082,5.764999866485596,14600
3417,5.42149543762207,5.760000228881836,2004-06-04,6.0,5.75,5.949999809265137,32000
3418,5.515618324279785,5.860000133514404,2004-06-03,6.014999866485596,5.849999904632568,5.980000019073486,1200
3419,5.614447593688965,5.965000152587891,2004-06-02,6.09499979019165,5.965000152587891,6.09499979019165,1800
3420,5.647390842437744,6.0,2004-06-01,6.0,5.679999828338623,5.804999828338623,7600
3421,5.590916633605957,5.940000057220459,2004-05-28,6.170000076293945,5.349999904632568,5.349999904632568,64600
3422,5.219130516052246,5.545000076293945,2004-05-27,5.625,5.349999904632568,5.380000114440918,21200
3423,5.256779670715332,5.585000038146973,2004-05-26,5.644999980926514,5.324999809265137,5.625,31400
3424,5.308547019958496,5.639999866485596,2004-05-25,5.715000152587891,5.599999904632568,5.625,14400
3425,5.360315322875977,5.695000171661377,2004-05-24,5.744999885559082,5.625,5.664999961853027,9600
3426,5.3038411140441895,5.635000228881836,2004-05-21,5.75,5.635000228881836,5.650000095367432,24200
3427,5.355608940124512,5.690000057220459,2004-05-20,5.744999885559082,5.625,5.659999847412109,26600
3428,5.317959785461426,5.650000095367432,2004-05-19,5.695000171661377,5.25,5.695000171661377,60400
3429,5.313253402709961,5.644999980926514,2004-05-18,5.644999980926514,5.599999904632568,5.625,21400
3430,5.285016059875488,5.614999771118164,2004-05-17,5.735000133514404,5.449999809265137,5.5,45800
3431,5.299135208129883,5.630000114440918,2004-05-14,5.664999961853027,5.40500020980835,5.625,26600
3432,5.317959785461426,5.650000095367432,2004-05-13,5.664999961853027,5.625,5.650000095367432,10400
3433,5.322666168212891,5.65500020980835,2004-05-12,5.71999979019165,5.565000057220459,5.650000095367432,16200
3434,5.294428825378418,5.625,2004-05-11,5.739999771118164,5.559999942779541,5.630000114440918,57400
3435,5.317959785461426,5.650000095367432,2004-05-10,5.835000038146973,5.559999942779541,5.75,29600
3436,5.402670383453369,5.739999771118164,2004-05-07,5.90500020980835,5.5,5.5,41800
3437,5.1720685958862305,5.494999885559082,2004-05-06,5.510000228881836,5.429999828338623,5.474999904632568,33600
3438,5.20501184463501,5.53000020980835,2004-05-05,5.625,5.494999885559082,5.625,23400
3439,5.261486053466797,5.590000152587891,2004-05-04,5.75,5.389999866485596,5.474999904632568,78000
3440,5.00735330581665,5.320000171661377,2004-05-03,5.985000133514404,4.985000133514404,5.855000019073486,264800
3441,5.534442901611328,5.880000114440918,2004-04-30,6.425000190734863,5.849999904632568,6.264999866485596,76200
3442,5.920347690582275,6.289999961853027,2004-04-29,6.414999961853027,6.275000095367432,6.320000171661377,49600
3443,5.9579973220825195,6.329999923706055,2004-04-28,6.420000076293945,6.289999961853027,6.40500020980835,18800
3444,5.962703227996826,6.335000038146973,2004-04-27,6.420000076293945,6.300000190734863,6.300000190734863,30200
3445,5.962703227996826,6.335000038146973,2004-04-26,6.414999961853027,6.255000114440918,6.260000228881836,25200
3446,6.038002014160156,6.414999961853027,2004-04-23,6.420000076293945,6.300000190734863,6.304999828338623,25000
3447,6.042707920074463,6.420000076293945,2004-04-22,6.420000076293945,6.21999979019165,6.21999979019165,42600
3448,5.981527805328369,6.355000019073486,2004-04-21,6.355000019073486,6.199999809265137,6.210000038146973,43600
3449,5.859167575836182,6.224999904632568,2004-04-20,6.300000190734863,6.224999904632568,6.275000095367432,33400
3450,5.929760456085205,6.300000190734863,2004-04-19,6.360000133514404,6.25,6.304999828338623,27800
3451,5.887404918670654,6.255000114440918,2004-04-16,6.349999904632568,6.224999904632568,6.349999904632568,18800
3452,5.892111301422119,6.260000228881836,2004-04-15,6.355000019073486,6.150000095367432,6.150000095367432,61400
3453,5.8826985359191895,6.25,2004-04-14,6.425000190734863,6.074999809265137,6.329999923706055,53200
3454,6.042707920074463,6.420000076293945,2004-04-13,6.420000076293945,6.304999828338623,6.320000171661377,47800
3455,6.033295631408691,6.409999847412109,2004-04-12,6.440000057220459,6.275000095367432,6.320000171661377,19200
3456,6.019177436828613,6.394999980926514,2004-04-08,6.394999980926514,6.300000190734863,6.394999980926514,25200
3457,5.948585033416748,6.320000171661377,2004-04-07,6.425000190734863,6.25,6.304999828338623,74200
3458,6.009765148162842,6.385000228881836,2004-04-06,6.445000171661377,6.099999904632568,6.235000133514404,84000
3459,5.915641784667969,6.284999847412109,2004-04-05,6.284999847412109,6.125,6.199999809265137,45400
3460,5.915641784667969,6.284999847412109,2004-04-02,6.320000171661377,6.0,6.255000114440918,97800
3461,6.005058765411377,6.380000114440918,2004-04-01,6.489999771118164,6.304999828338623,6.425000190734863,72800
3462,6.103888034820557,6.485000133514404,2004-03-31,6.554999828338623,6.400000095367432,6.409999847412109,29000
3463,6.2027177810668945,6.590000152587891,2004-03-30,6.599999904632568,6.375,6.489999771118164,50800
3464,6.2403669357299805,6.630000114440918,2004-03-29,6.75,6.514999866485596,6.550000190734863,31200
3465,6.1274189949035645,6.510000228881836,2004-03-26,6.724999904632568,6.510000228881836,6.724999904632568,21600
3466,6.282722473144531,6.675000190734863,2004-03-25,6.775000095367432,6.420000076293945,6.420000076293945,35200
3467,6.108593940734863,6.489999771118164,2004-03-24,6.769999980926514,6.400000095367432,6.635000228881836,30000
3468,6.386257648468018,6.784999847412109,2004-03-23,6.875,6.554999828338623,6.554999828338623,33400
3469,6.334489822387695,6.730000019073486,2004-03-22,6.784999847412109,6.474999904632568,6.704999923706055,92800
3470,6.320371627807617,6.715000152587891,2004-03-19,6.945000171661377,6.704999923706055,6.945000171661377,34200
3471,6.485086917877197,6.889999866485596,2004-03-18,7.074999809265137,6.775000095367432,6.775000095367432,36000
3472,6.414494514465332,6.815000057220459,2004-03-17,6.994999885559082,6.760000228881836,6.829999923706055,53200
3473,6.565091609954834,6.974999904632568,2004-03-16,6.974999904632568,6.699999809265137,6.699999809265137,30200
3474,6.306252956390381,6.699999809265137,2004-03-15,6.875,6.699999809265137,6.75,55800
3475,6.395669937133789,6.795000076293945,2004-03-12,6.900000095367432,6.71999979019165,6.75,41000
3476,6.386257648468018,6.784999847412109,2004-03-11,6.84499979019165,6.699999809265137,6.760000228881836,44000
3477,6.433319091796875,6.835000038146973,2004-03-10,6.914999961853027,6.784999847412109,6.864999771118164,75600
3478,6.499205589294434,6.90500020980835,2004-03-09,6.965000152587891,6.855000019073486,6.90500020980835,68800
3479,6.583916187286377,6.994999885559082,2004-03-08,7.099999904632568,6.925000190734863,7.014999866485596,65600
3480,6.560385227203369,6.96999979019165,2004-03-05,7.014999866485596,6.784999847412109,7.014999866485596,35600
3481,6.541560649871826,6.949999809265137,2004-03-04,6.989999771118164,6.710000038146973,6.710000038146973,142200
3482,6.259191513061523,6.650000095367432,2004-03-03,6.744999885559082,6.565000057220459,6.590000152587891,106000
3483,6.2027177810668945,6.590000152587891,2004-03-02,6.650000095367432,6.425000190734863,6.425000190734863,58800
3484,6.174480438232422,6.559999942779541,2004-03-01,6.574999809265137,6.46999979019165,6.550000190734863,40600
3485,6.08976936340332,6.46999979019165,2004-02-27,6.585000038146973,6.46999979019165,6.534999847412109,65400
3486,6.169774055480957,6.554999828338623,2004-02-26,6.574999809265137,6.400000095367432,6.565000057220459,87000
3487,6.118006706237793,6.5,2004-02-25,6.775000095367432,6.409999847412109,6.480000019073486,66400
3488,6.2921342849731445,6.684999942779541,2004-02-24,6.715000152587891,6.375,6.449999809265137,40000
3489,6.056826591491699,6.434999942779541,2004-02-23,6.565000057220459,6.389999866485596,6.474999904632568,39200
3490,6.061532974243164,6.440000057220459,2004-02-20,6.71999979019165,6.385000228881836,6.650000095367432,44600
3491,6.263897895812988,6.65500020980835,2004-02-19,6.769999980926514,6.635000228881836,6.639999866485596,33200
3492,6.2027177810668945,6.590000152587891,2004-02-18,7.050000190734863,6.554999828338623,6.925000190734863,86600
3493,6.301547050476074,6.695000171661377,2004-02-17,7.625,6.625,7.170000076293945,102600
3494,6.593328952789307,7.005000114440918,2004-02-13,7.400000095367432,6.75,7.400000095367432,96400
3495,6.960409164428711,7.394999980926514,2004-02-12,7.570000171661377,7.0,7.150000095367432,70200
3496,6.588622570037842,7.0,2004-02-11,7.25,6.824999809265137,6.824999809265137,72600
3497,6.5368547439575195,6.945000171661377,2004-02-10,6.949999809265137,6.75,6.945000171661377,46000
3498,6.466262340545654,6.869999885559082,2004-02-09,7.0,6.559999942779541,7.0,55000
3499,6.372138977050781,6.769999980926514,2004-02-06,7.054999828338623,6.454999923706055,6.454999923706055,82200
3500,6.118006706237793,6.5,2004-02-05,7.340000152587891,6.425000190734863,7.25,187400
3501,6.8003997802734375,7.224999904632568,2004-02-04,7.355000019073486,7.199999809265137,7.25,57000
3502,6.823930263519287,7.25,2004-02-03,7.420000076293945,7.25,7.275000095367432,76400
3503,6.6545090675354,7.070000171661377,2004-02-02,7.215000152587891,7.054999828338623,7.150000095367432,46200
3504,6.6545090675354,7.070000171661377,2004-01-30,7.295000076293945,7.070000171661377,7.130000114440918,112800
3505,6.866285800933838,7.295000076293945,2004-01-29,7.400000095367432,7.150000095367432,7.150000095367432,99400
3506,6.75333833694458,7.175000190734863,2004-01-28,7.460000038146973,7.175000190734863,7.190000057220459,143200
3507,6.630978107452393,7.045000076293945,2004-01-27,7.489999771118164,7.0,7.349999904632568,92000
3508,6.91805362701416,7.349999904632568,2004-01-26,7.5,7.28000020980835,7.28000020980835,51200
3509,6.894522666931152,7.324999809265137,2004-01-23,7.494999885559082,7.315000057220459,7.400000095367432,82600
3510,6.988646030426025,7.425000190734863,2004-01-22,7.650000095367432,7.409999847412109,7.409999847412109,121400
3511,7.096887588500977,7.539999961853027,2004-01-21,7.744999885559082,7.375,7.474999904632568,85400
3512,7.049825668334961,7.489999771118164,2004-01-20,7.5,7.25,7.25,63600
3513,6.889816761016846,7.320000171661377,2004-01-16,7.375,7.179999828338623,7.179999828338623,62400
3514,6.6686272621154785,7.085000038146973,2004-01-15,7.125,6.800000190734863,6.800000190734863,81600
3515,6.433319091796875,6.835000038146973,2004-01-14,6.985000133514404,6.565000057220459,6.565000057220459,80200
3516,6.282722473144531,6.675000190734863,2004-01-13,6.735000133514404,6.46999979019165,6.485000133514404,93800
3517,6.141537666320801,6.525000095367432,2004-01-12,6.695000171661377,6.349999904632568,6.519999980926514,78200
3518,6.268603324890137,6.659999847412109,2004-01-09,6.704999923706055,6.574999809265137,6.644999980926514,58400
3519,6.259191513061523,6.650000095367432,2004-01-08,6.875,6.579999923706055,6.579999923706055,160600
3520,6.1885986328125,6.574999809265137,2004-01-07,7.114999771118164,6.414999961853027,6.525000095367432,77200
3521,6.2403669357299805,6.630000114440918,2004-01-06,6.75,6.304999828338623,6.349999904632568,444400
3522,5.972115516662598,6.34499979019165,2004-01-05,6.394999980926514,6.224999904632568,6.224999904632568,56800
3523,5.840342998504639,6.204999923706055,2004-01-02,6.204999923706055,6.090000152587891,6.159999847412109,29200
3524,5.807400226593018,6.170000076293945,2003-12-31,6.184999942779541,6.074999809265137,6.074999809265137,33200
3525,5.765044689178467,6.125,2003-12-30,6.199999809265137,6.050000190734863,6.125,81800
3526,5.797987461090088,6.159999847412109,2003-12-29,6.224999904632568,6.070000171661377,6.125,63600
3527,5.8262248039245605,6.190000057220459,2003-12-26,6.28000020980835,6.150000095367432,6.150000095367432,20600
3528,5.873286247253418,6.239999771118164,2003-12-24,6.28000020980835,6.130000114440918,6.130000114440918,11000
3529,5.849755764007568,6.215000152587891,2003-12-23,6.244999885559082,6.144999980926514,6.224999904632568,40400
3530,5.877992630004883,6.244999885559082,2003-12-22,6.364999771118164,6.130000114440918,6.204999923706055,36400
3531,5.981527805328369,6.355000019073486,2003-12-19,6.449999809265137,6.099999904632568,6.394999980926514,66800
3532,5.9768218994140625,6.349999904632568,2003-12-18,6.375,6.25,6.25,100400
3533,5.854461669921875,6.21999979019165,2003-12-17,6.25,6.099999904632568,6.099999904632568,113000
3534,5.717982769012451,6.074999809265137,2003-12-16,6.135000228881836,6.0,6.0,113200
3535,5.675627708435059,6.03000020980835,2003-12-15,6.25,5.929999828338623,6.175000190734863,129400
3536,5.717982769012451,6.074999809265137,2003-12-12,6.300000190734863,5.960000038146973,6.0,200400
3537,5.708570957183838,6.065000057220459,2003-12-11,6.204999923706055,6.0,6.099999904632568,107400
3538,5.750926494598389,6.110000133514404,2003-12-10,6.389999866485596,6.110000133514404,6.215000152587891,184600
3539,5.812106609344482,6.175000190734863,2003-12-09,6.264999866485596,5.775000095367432,6.255000114440918,237600
3540,5.892111301422119,6.260000228881836,2003-12-08,6.425000190734863,6.210000038146973,6.400000095367432,123000
3541,6.019177436828613,6.394999980926514,2003-12-05,6.449999809265137,6.054999828338623,6.449999809265137,88200
3542,6.052120208740234,6.429999828338623,2003-12-04,6.5,6.289999961853027,6.369999885559082,145400
3543,5.901523113250732,6.269999980926514,2003-12-03,6.425000190734863,6.25,6.324999809265137,98000
3544,5.953290939331055,6.324999809265137,2003-12-02,6.375,6.184999942779541,6.224999904632568,293200
3545,5.906229496002197,6.275000095367432,2003-12-01,6.349999904632568,6.050000190734863,6.199999809265137,249400
3546,5.939172744750977,6.309999942779541,2003-11-28,6.360000133514404,6.199999809265137,6.199999809265137,55200
3547,5.953290939331055,6.324999809265137,2003-11-26,6.599999904632568,5.875,5.875,382400
3548,5.6003289222717285,5.949999809265137,2003-11-25,5.974999904632568,5.53000020980835,5.690000057220459,608800
3549,5.289722442626953,5.619999885559082,2003-11-24,5.625,5.275000095367432,5.315000057220459,1072800
3550,5.5485615730285645,5.894999980926514,2003-11-21,6.125,5.755000114440918,5.755000114440918,156200
3551,5.454438209533691,5.795000076293945,2003-11-20,6.650000095367432,5.699999809265137,6.650000095367432,269200
3552,5.990940093994141,6.364999771118164,2003-11-19,7.150000095367432,6.364999771118164,7.150000095367432,191400
3553,6.254485130310059,6.644999980926514,2003-11-18,6.795000076293945,6.639999866485596,6.699999809265137,84600
3554,6.287428379058838,6.679999828338623,2003-11-17,6.974999904632568,6.599999904632568,6.974999904632568,177800
3555,6.588622570037842,7.0,2003-11-14,7.550000190734863,6.380000114440918,7.545000076293945,171200
3556,7.054532051086426,7.494999885559082,2003-11-13,7.650000095367432,7.429999828338623,7.5,30800
3557,7.082769393920898,7.525000095367432,2003-11-12,7.75,7.204999923706055,7.204999923706055,66600
3558,7.082769393920898,7.525000095367432,2003-11-11,7.690000057220459,7.375,7.644999980926514,44200
3559,7.1345367431640625,7.579999923706055,2003-11-10,7.739999771118164,7.534999847412109,7.534999847412109,53000
3560,7.082769393920898,7.525000095367432,2003-11-07,7.735000133514404,7.525000095367432,7.625,50400
3561,7.176892280578613,7.625,2003-11-06,7.75,7.460000038146973,7.75,45400
3562,7.242778778076172,7.695000171661377,2003-11-05,7.75,7.510000228881836,7.590000152587891,90600
3563,7.059238433837891,7.5,2003-11-04,7.550000190734863,7.244999885559082,7.244999885559082,69600
3564,6.823930263519287,7.25,2003-11-03,7.369999885559082,7.15500020980835,7.28000020980835,57000
3565,6.856873512268066,7.284999847412109,2003-10-31,7.675000190734863,7.284999847412109,7.670000076293945,80200
3566,7.223954200744629,7.675000190734863,2003-10-30,7.699999809265137,7.349999904632568,7.400000095367432,46800
3567,6.9509968757629395,7.385000228881836,2003-10-29,7.885000228881836,7.355000019073486,7.590000152587891,90000
3568,7.012176513671875,7.449999809265137,2003-10-28,7.75,7.144999980926514,7.625,83000
3569,7.111005783081055,7.554999828338623,2003-10-27,7.824999809265137,7.5,7.525000095367432,40200
3570,6.960409164428711,7.394999980926514,2003-10-24,7.454999923706055,7.114999771118164,7.114999771118164,32600
3571,6.903935432434082,7.335000038146973,2003-10-23,7.809999942779541,7.054999828338623,7.755000114440918,98600
3572,7.383963108062744,7.84499979019165,2003-10-22,8.0,7.820000171661377,7.96999979019165,46800
3573,7.515736103057861,7.985000133514404,2003-10-21,8.0,7.755000114440918,7.875,29000
3574,7.318077087402344,7.775000095367432,2003-10-20,8.015000343322754,7.775000095367432,8.015000343322754,44000
3575,7.5298542976379395,8.0,2003-10-17,8.029999732971191,7.925000190734863,8.0,46600
3576,7.5298542976379395,8.0,2003-10-16,8.029999732971191,7.84499979019165,8.0,89400
3577,7.525147914886475,7.994999885559082,2003-10-15,8.085000038146973,7.880000114440918,7.985000133514404,56800
3578,7.515736103057861,7.985000133514404,2003-10-14,8.0,7.835000038146973,7.994999885559082,33200
3579,7.506323337554932,7.974999904632568,2003-10-13,8.0,7.855000019073486,7.855000019073486,56200
3580,7.482792377471924,7.949999809265137,2003-10-10,7.949999809265137,7.75,7.925000190734863,31200
3581,7.412200450897217,7.875,2003-10-09,7.909999847412109,7.715000152587891,7.800000190734863,44000
3582,7.2474846839904785,7.699999809265137,2003-10-08,7.809999942779541,7.625,7.804999828338623,60600
3583,7.341608047485352,7.800000190734863,2003-10-07,7.800000190734863,7.599999904632568,7.599999904632568,63800
3584,7.106300354003906,7.550000190734863,2003-10-06,7.590000152587891,7.340000152587891,7.434999942779541,121200
3585,7.200423240661621,7.650000095367432,2003-10-03,7.829999923706055,7.329999923706055,7.795000076293945,101800
3586,7.336901664733887,7.795000076293945,2003-10-02,7.824999809265137,7.755000114440918,7.800000190734863,119800
3587,7.336901664733887,7.795000076293945,2003-10-01,7.795000076293945,7.704999923706055,7.704999923706055,34800
3588,7.341608047485352,7.800000190734863,2003-09-30,7.800000190734863,7.650000095367432,7.784999847412109,151200
3589,7.238072395324707,7.690000057220459,2003-09-29,7.929999828338623,7.525000095367432,7.929999828338623,188000
3590,7.294546127319336,7.75,2003-09-26,8.0,7.599999904632568,7.599999904632568,180200
3591,7.101593971252441,7.545000076293945,2003-09-25,7.610000133514404,7.440000057220459,7.514999866485596,54600
3592,7.111005783081055,7.554999828338623,2003-09-24,7.625,7.525000095367432,7.625,23600
3593,7.106300354003906,7.550000190734863,2003-09-23,7.675000190734863,7.460000038146973,7.53000020980835,92400
3594,7.1533613204956055,7.599999904632568,2003-09-22,7.625,7.400000095367432,7.625,101400
3595,7.176892280578613,7.625,2003-09-19,7.724999904632568,7.5,7.550000190734863,69000
3596,7.294546127319336,7.75,2003-09-18,7.75,7.5,7.5,97600
3597,7.068650722503662,7.510000228881836,2003-09-17,8.029999732971191,7.085000038146973,7.199999809265137,217200
3598,6.75333833694458,7.175000190734863,2003-09-16,7.199999809265137,7.0,7.0,74200
3599,6.593328952789307,7.005000114440918,2003-09-15,7.050000190734863,6.855000019073486,6.855000019073486,78000
3600,6.541560649871826,6.949999809265137,2003-09-12,7.125,6.849999904632568,7.0,112600
3601,6.607447147369385,7.019999980926514,2003-09-11,7.074999809265137,6.675000190734863,6.699999809265137,104600
3602,6.216835975646973,6.605000019073486,2003-09-10,6.75,6.550000190734863,6.599999904632568,45000
3603,6.235660552978516,6.625,2003-09-09,6.744999885559082,6.494999885559082,6.5,74600
3604,6.207423210144043,6.59499979019165,2003-09-08,6.605000019073486,6.150000095367432,6.15500020980835,201600
3605,5.986234188079834,6.360000133514404,2003-09-05,6.480000019073486,6.175000190734863,6.445000171661377,34400
3606,6.070944786071777,6.449999809265137,2003-09-04,6.480000019073486,6.03000020980835,6.03000020980835,82400
3607,5.760338306427002,6.119999885559082,2003-09-03,6.375,5.820000171661377,6.099999904632568,126800
3608,5.8826985359191895,6.25,2003-09-02,6.614999771118164,6.0,6.5,183800
3609,6.141537666320801,6.525000095367432,2003-08-29,6.614999771118164,5.934999942779541,6.590000152587891,116000
3610,6.2027177810668945,6.590000152587891,2003-08-28,6.804999828338623,6.429999828338623,6.804999828338623,130800
3611,6.4050822257995605,6.804999828338623,2003-08-27,6.900000095367432,6.804999828338623,6.900000095367432,15200
3612,6.470968723297119,6.875,2003-08-26,7.0,6.864999771118164,6.974999904632568,39200
3613,6.475674629211426,6.880000114440918,2003-08-25,7.025000095367432,6.849999904632568,6.96999979019165,19600
3614,6.560385227203369,6.96999979019165,2003-08-22,7.010000228881836,6.925000190734863,6.974999904632568,30000
3615,6.518030166625977,6.925000190734863,2003-08-21,7.025000095367432,6.855000019073486,7.025000095367432,31000
3616,6.400376319885254,6.800000190734863,2003-08-20,7.014999866485596,6.769999980926514,7.014999866485596,28200
3617,6.522736072540283,6.929999828338623,2003-08-19,7.050000190734863,6.929999828338623,7.019999980926514,57400
3618,6.607447147369385,7.019999980926514,2003-08-18,7.059999942779541,6.900000095367432,6.900000095367432,65000
3619,6.494499206542969,6.900000095367432,2003-08-15,7.0,6.800000190734863,6.974999904632568,28400
3620,6.5368547439575195,6.945000171661377,2003-08-14,7.25,6.769999980926514,7.25,62600
3621,6.772162914276123,7.195000171661377,2003-08-13,7.300000190734863,6.96999979019165,7.025000095367432,86400
3622,6.607447147369385,7.019999980926514,2003-08-12,7.019999980926514,6.675000190734863,6.735000133514404,61200
3623,6.263897895812988,6.65500020980835,2003-08-11,6.65500020980835,6.360000133514404,6.505000114440918,51800
3624,6.249778747558594,6.639999866485596,2003-08-08,6.650000095367432,6.565000057220459,6.650000095367432,9000
3625,6.1885986328125,6.574999809265137,2003-08-07,6.795000076293945,6.414999961853027,6.75,47800
3626,6.343902111053467,6.739999771118164,2003-08-06,6.800000190734863,6.40500020980835,6.800000190734863,51400
3627,6.306252956390381,6.699999809265137,2003-08-05,6.789999961853027,6.684999942779541,6.684999942779541,28200
3628,6.329783916473389,6.724999904632568,2003-08-04,6.804999828338623,6.28000020980835,6.28000020980835,20000
3629,6.02388334274292,6.400000095367432,2003-08-01,6.90500020980835,6.300000190734863,6.90500020980835,47000
3630,6.494499206542969,6.900000095367432,2003-07-31,6.994999885559082,6.599999904632568,6.994999885559082,67200
3631,6.419200897216797,6.820000171661377,2003-07-30,6.985000133514404,6.820000171661377,6.974999904632568,26800
3632,6.518030166625977,6.925000190734863,2003-07-29,6.989999771118164,6.90500020980835,6.989999771118164,18800
3633,6.574504375457764,6.985000133514404,2003-07-28,7.050000190734863,6.96999979019165,7.045000076293945,35000
3634,6.574504375457764,6.985000133514404,2003-07-25,7.0,6.855000019073486,6.900000095367432,102800
3635,6.489793300628662,6.894999980926514,2003-07-24,6.900000095367432,6.644999980926514,6.675000190734863,35200
3636,6.282722473144531,6.675000190734863,2003-07-23,6.675000190734863,6.639999866485596,6.644999980926514,66800
3637,6.2403669357299805,6.630000114440918,2003-07-22,6.650000095367432,6.394999980926514,6.650000095367432,51400
3638,6.254485130310059,6.644999980926514,2003-07-21,6.75,6.434999942779541,6.434999942779541,70600
3639,6.254485130310059,6.644999980926514,2003-07-18,6.699999809265137,6.434999942779541,6.650000095367432,62000
3640,6.19801139831543,6.585000038146973,2003-07-17,6.639999866485596,6.449999809265137,6.639999866485596,41000
3641,6.245073318481445,6.635000228881836,2003-07-16,6.699999809265137,6.425000190734863,6.644999980926514,42000
3642,6.254485130310059,6.644999980926514,2003-07-15,6.650000095367432,6.295000076293945,6.364999771118164,89400
3643,5.990940093994141,6.364999771118164,2003-07-14,6.364999771118164,6.289999961853027,6.289999961853027,54800
3644,5.906229496002197,6.275000095367432,2003-07-11,6.275000095367432,6.005000114440918,6.050000190734863,89600
3645,5.722689151763916,6.079999923706055,2003-07-10,6.199999809265137,5.989999771118164,6.079999923706055,19000
3646,5.694452285766602,6.050000190734863,2003-07-09,6.150000095367432,5.934999942779541,5.980000019073486,48400
3647,5.572092056274414,5.920000076293945,2003-07-08,6.099999904632568,5.724999904632568,6.005000114440918,97000
3648,5.576798439025879,5.925000190734863,2003-07-07,6.059999942779541,5.625,5.625,54200
3649,5.294428825378418,5.625,2003-07-03,5.625,5.324999809265137,5.440000057220459,70800
3650,5.115594863891602,5.434999942779541,2003-07-02,5.434999942779541,5.25,5.324999809265137,41600
3651,5.00735330581665,5.320000171661377,2003-07-01,5.324999809265137,5.235000133514404,5.324999809265137,7000
3652,5.00735330581665,5.320000171661377,2003-06-30,5.494999885559082,5.15500020980835,5.324999809265137,55000
3653,5.0591206550598145,5.375,2003-06-27,5.449999809265137,5.175000190734863,5.199999809265137,44000
3654,4.894404888153076,5.199999809265137,2003-06-26,5.224999904632568,5.005000114440918,5.090000152587891,19000
3655,4.640272617340088,4.929999828338623,2003-06-25,5.045000076293945,4.84499979019165,4.875,37000
3656,4.583798885345459,4.869999885559082,2003-06-24,5.239999771118164,4.570000171661377,5.239999771118164,160200
3657,4.922642230987549,5.230000019073486,2003-06-23,5.239999771118164,5.150000095367432,5.239999771118164,9200
3658,4.875580310821533,5.179999828338623,2003-06-20,5.269999980926514,5.175000190734863,5.269999980926514,10000
3659,4.870874881744385,5.175000190734863,2003-06-19,5.284999847412109,5.175000190734863,5.224999904632568,23000
3660,4.889699459075928,5.195000171661377,2003-06-18,5.360000133514404,5.065000057220459,5.304999828338623,39800
3661,5.035590171813965,5.349999904632568,2003-06-17,5.400000095367432,5.349999904632568,5.355000019073486,56400
3662,5.0591206550598145,5.375,2003-06-16,5.474999904632568,5.355000019073486,5.474999904632568,56000
3663,5.073239326477051,5.389999866485596,2003-06-13,5.474999904632568,5.25,5.474999904632568,15800
3664,5.087357997894287,5.40500020980835,2003-06-12,5.494999885559082,5.385000228881836,5.480000019073486,33000
3665,5.1344194412231445,5.454999923706055,2003-06-11,5.494999885559082,5.400000095367432,5.400000095367432,21600
3666,5.1720685958862305,5.494999885559082,2003-06-10,5.494999885559082,5.400000095367432,5.494999885559082,34400
3667,5.139125823974609,5.460000038146973,2003-06-09,5.494999885559082,5.425000190734863,5.445000171661377,40600
3668,5.1344194412231445,5.454999923706055,2003-06-06,5.494999885559082,5.375,5.445000171661377,37400
3669,5.035590171813965,5.349999904632568,2003-06-05,5.400000095367432,5.170000076293945,5.170000076293945,13200
3670,5.0026469230651855,5.315000057220459,2003-06-04,5.434999942779541,4.869999885559082,5.425000190734863,66400
3671,5.082651615142822,5.400000095367432,2003-06-03,5.474999904632568,4.940000057220459,4.949999809265137,120600
3672,4.659097194671631,4.949999809265137,2003-06-02,5.025000095367432,4.704999923706055,4.704999923706055,81800
3673,4.357903480529785,4.630000114440918,2003-05-30,4.75,4.5,4.5,47600
3674,4.273192405700684,4.539999961853027,2003-05-29,4.664999961853027,4.539999961853027,4.664999961853027,4600
3675,4.357903480529785,4.630000114440918,2003-05-28,4.724999904632568,4.585000038146973,4.724999904632568,9000
3676,4.400259017944336,4.675000190734863,2003-05-27,4.744999885559082,4.375,4.465000152587891,59200
3677,4.1461262702941895,4.40500020980835,2003-05-23,4.474999904632568,4.375,4.474999904632568,11200
3678,4.164950847625732,4.425000190734863,2003-05-22,4.5,4.425000190734863,4.5,22800
3679,4.235543251037598,4.5,2003-05-21,4.5,4.400000095367432,4.40500020980835,17200
3680,4.235543251037598,4.5,2003-05-20,4.525000095367432,4.414999961853027,4.5,50800
3681,4.235543251037598,4.5,2003-05-19,4.5,4.425000190734863,4.5,17400
3682,4.235543251037598,4.5,2003-05-16,4.5,4.425000190734863,4.460000038146973,12600
3683,4.244955539703369,4.510000228881836,2003-05-15,4.510000228881836,4.429999828338623,4.429999828338623,11800
3684,4.21201229095459,4.474999904632568,2003-05-14,4.550000190734863,4.474999904632568,4.474999904632568,21000
3685,4.27789831161499,4.545000076293945,2003-05-13,4.545000076293945,4.449999809265137,4.449999809265137,30200
3686,4.259073734283447,4.525000095367432,2003-05-12,4.550000190734863,4.425000190734863,4.425000190734863,46000
3687,4.174363136291504,4.434999942779541,2003-05-09,4.510000228881836,4.434999942779541,4.460000038146973,8000
3688,4.1978936195373535,4.460000038146973,2003-05-08,4.510000228881836,4.329999923706055,4.5,35000
3689,4.207305908203125,4.46999979019165,2003-05-07,4.5,4.369999885559082,4.420000076293945,31600
3690,4.1273016929626465,4.385000228881836,2003-05-06,4.46999979019165,4.324999809265137,4.454999923706055,27800
3691,4.193187713623047,4.454999923706055,2003-05-05,4.510000228881836,4.429999828338623,4.429999828338623,36000
3692,4.164950847625732,4.425000190734863,2003-05-02,4.5,4.329999923706055,4.449999809265137,32200
3693,4.188481330871582,4.449999809265137,2003-05-01,4.449999809265137,4.315000057220459,4.425000190734863,8800
3694,4.235543251037598,4.5,2003-04-30,4.5,4.315000057220459,4.324999809265137,12000
3695,4.075533390045166,4.329999923706055,2003-04-29,4.425000190734863,4.329999923706055,4.420000076293945,6000
3696,4.122595310211182,4.380000114440918,2003-04-28,4.505000114440918,4.380000114440918,4.489999771118164,22200
3697,4.188481330871582,4.449999809265137,2003-04-25,4.505000114440918,4.050000190734863,4.505000114440918,44400
3698,4.193187713623047,4.454999923706055,2003-04-24,4.574999809265137,4.315000057220459,4.550000190734863,51800
3699,4.169656753540039,4.429999828338623,2003-04-23,4.619999885559082,4.25,4.619999885559082,49600
3700,4.343784332275391,4.614999771118164,2003-04-22,4.619999885559082,4.585000038146973,4.614999771118164,30200
3701,4.343784332275391,4.614999771118164,2003-04-21,4.619999885559082,4.585000038146973,4.59499979019165,29200
3702,4.3296661376953125,4.599999904632568,2003-04-17,4.619999885559082,4.579999923706055,4.590000152587891,20000
3703,4.301429271697998,4.570000171661377,2003-04-16,4.824999809265137,4.324999809265137,4.820000171661377,73400
3704,3.9719979763031006,4.21999979019165,2003-04-15,4.21999979019165,4.014999866485596,4.025000095367432,33600
3705,3.7649271488189697,4.0,2003-04-14,4.0,3.8499999046325684,3.875,17600
3706,3.628448486328125,3.8550000190734863,2003-04-11,3.924999952316284,3.8499999046325684,3.875,21000
3707,3.6331546306610107,3.859999895095825,2003-04-10,3.875,3.700000047683716,3.8499999046325684,24400
3708,3.586092948913574,3.809999942779541,2003-04-09,3.8499999046325684,3.75,3.8450000286102295,94000
3709,3.6237423419952393,3.8499999046325684,2003-04-08,3.8949999809265137,3.7249999046325684,3.875,38600
3710,3.647273063659668,3.875,2003-04-07,4.150000095367432,3.859999895095825,4.150000095367432,63400
3711,3.477851390838623,3.694999933242798,2003-04-04,3.700000047683716,3.615000009536743,3.700000047683716,9000
3712,3.482557773590088,3.700000047683716,2003-04-03,3.7249999046325684,3.5999999046325684,3.700000047683716,58200
3713,3.45902681350708,3.674999952316284,2003-04-02,3.674999952316284,3.575000047683716,3.615000009536743,29000
3714,3.3601973056793213,3.569999933242798,2003-04-01,3.625,3.565000057220459,3.625,10800
3715,3.388434410095215,3.5999999046325684,2003-03-31,3.6500000953674316,3.5950000286102295,3.6500000953674316,37800
3716,3.421377420425415,3.634999990463257,2003-03-28,3.674999952316284,3.619999885559082,3.674999952316284,14000
3717,3.45902681350708,3.674999952316284,2003-03-27,3.674999952316284,3.569999933242798,3.619999885559082,91800
3718,3.383728265762329,3.5950000286102295,2003-03-26,3.684999942779541,3.5450000762939453,3.555000066757202,25400
3719,3.3413727283477783,3.549999952316284,2003-03-25,3.6500000953674316,3.5299999713897705,3.5799999237060547,39200
3720,3.3790221214294434,3.5899999141693115,2003-03-24,3.625,3.549999952316284,3.625,40000
3721,3.4119651317596436,3.625,2003-03-21,3.684999942779541,3.5999999046325684,3.6500000953674316,32600
3722,3.4119651317596436,3.625,2003-03-20,3.674999952316284,3.5950000286102295,3.674999952316284,13800
3723,3.45902681350708,3.674999952316284,2003-03-19,3.674999952316284,3.6500000953674316,3.674999952316284,6200
3724,3.45902681350708,3.674999952316284,2003-03-18,3.674999952316284,3.625,3.625,7400
3725,3.4119651317596436,3.625,2003-03-17,3.674999952316284,3.575000047683716,3.625,66000
3726,3.4119651317596436,3.625,2003-03-14,3.6649999618530273,3.575000047683716,3.6449999809265137,75000
3727,3.4307899475097656,3.6449999809265137,2003-03-13,3.6449999809265137,3.5999999046325684,3.640000104904175,6400
3728,3.42608380317688,3.640000104904175,2003-03-12,3.6649999618530273,3.5950000286102295,3.6549999713897705,33400
3729,3.42608380317688,3.640000104904175,2003-03-11,3.6600000858306885,3.549999952316284,3.569999933242798,492000
3730,3.364903688430786,3.575000047683716,2003-03-10,3.674999952316284,3.575000047683716,3.625,10600
3731,3.444908380508423,3.6600000858306885,2003-03-07,3.7249999046325684,3.6549999713897705,3.7249999046325684,24800
3732,3.501382350921631,3.7200000286102295,2003-03-06,3.75,3.674999952316284,3.674999952316284,14000
3733,3.4496145248413086,3.6649999618530273,2003-03-05,3.674999952316284,3.630000114440918,3.6500000953674316,14400
3734,3.4166715145111084,3.630000114440918,2003-03-04,3.700000047683716,3.619999885559082,3.694999933242798,46400
3735,3.477851390838623,3.694999933242798,2003-03-03,3.700000047683716,3.625,3.625,15600
3736,3.421377420425415,3.634999990463257,2003-02-28,3.6600000858306885,3.630000114440918,3.630000114440918,5200
3737,3.4166715145111084,3.630000114440918,2003-02-27,3.6700000762939453,3.625,3.640000104904175,4800
3738,3.3931405544281006,3.6050000190734863,2003-02-26,3.700000047683716,3.575000047683716,3.694999933242798,24600
3739,3.4684391021728516,3.684999942779541,2003-02-25,3.7249999046325684,3.6700000762939453,3.680000066757202,16200
3740,3.4872636795043945,3.7049999237060547,2003-02-24,3.744999885559082,3.6649999618530273,3.744999885559082,19800
3741,3.496675968170166,3.7149999141693115,2003-02-21,3.75,3.6600000858306885,3.7249999046325684,87200
3742,3.4731452465057373,3.690000057220459,2003-02-20,3.8399999141693115,3.6500000953674316,3.8399999141693115,112800
3743,3.539031505584717,3.759999990463257,2003-02-19,3.8499999046325684,3.694999933242798,3.7249999046325684,19800
3744,3.5107946395874023,3.7300000190734863,2003-02-18,3.819999933242798,3.700000047683716,3.799999952316284,56000
3745,3.5296192169189453,3.75,2003-02-14,3.7750000953674316,3.640000104904175,3.640000104904175,96600
3746,3.383728265762329,3.5950000286102295,2003-02-13,3.640000104904175,3.569999933242798,3.569999933242798,32800
3747,3.3601973056793213,3.569999933242798,2003-02-12,3.619999885559082,3.569999933242798,3.619999885559082,59000
3748,3.3790221214294434,3.5899999141693115,2003-02-11,3.6500000953674316,3.569999933242798,3.6500000953674316,33400
3749,3.364903688430786,3.575000047683716,2003-02-10,3.5899999141693115,3.5,3.5899999141693115,59200
3750,3.364903688430786,3.575000047683716,2003-02-07,3.609999895095825,3.4549999237060547,3.609999895095825,57400
3751,3.3601973056793213,3.569999933242798,2003-02-06,3.6050000190734863,3.569999933242798,3.5899999141693115,52200
3752,3.4119651317596436,3.625,2003-02-05,3.625,3.569999933242798,3.575000047683716,41800
3753,3.388434410095215,3.5999999046325684,2003-02-04,3.700000047683716,3.5799999237060547,3.700000047683716,155600
3754,3.4166715145111084,3.630000114440918,2003-02-03,3.674999952316284,3.625,3.674999952316284,21600
3755,3.45902681350708,3.674999952316284,2003-01-31,3.674999952316284,3.630000114440918,3.6449999809265137,15400
3756,3.4354960918426514,3.6500000953674316,2003-01-30,3.694999933242798,3.625,3.630000114440918,3000
3757,3.4684391021728516,3.684999942779541,2003-01-29,3.694999933242798,3.6500000953674316,3.694999933242798,25000
3758,3.4731452465057373,3.690000057220459,2003-01-28,3.700000047683716,3.625,3.700000047683716,6400
3759,3.45902681350708,3.674999952316284,2003-01-27,3.700000047683716,3.5999999046325684,3.5999999046325684,13000
3760,3.3931405544281006,3.6050000190734863,2003-01-24,3.700000047683716,3.6050000190734863,3.609999895095825,19600
3761,3.4119651317596436,3.625,2003-01-23,3.630000114440918,3.609999895095825,3.625,10800
3762,3.4872636795043945,3.7049999237060547,2003-01-22,3.7249999046325684,3.674999952316284,3.690000057220459,22400
3763,3.501382350921631,3.7200000286102295,2003-01-21,3.7249999046325684,3.674999952316284,3.674999952316284,23600
3764,3.477851390838623,3.694999933242798,2003-01-17,3.7100000381469727,3.6500000953674316,3.7100000381469727,3200
3765,3.4307899475097656,3.6449999809265137,2003-01-16,3.7149999141693115,3.6449999809265137,3.7100000381469727,14600
3766,3.496675968170166,3.7149999141693115,2003-01-15,3.7249999046325684,3.700000047683716,3.7200000286102295,15800
3767,3.440202236175537,3.6549999713897705,2003-01-14,3.694999933242798,3.640000104904175,3.694999933242798,14000
3768,3.4731452465057373,3.690000057220459,2003-01-13,3.7249999046325684,3.5999999046325684,3.7249999046325684,7800
3769,3.501382350921631,3.7200000286102295,2003-01-10,3.7249999046325684,3.7149999141693115,3.7249999046325684,7800
3770,3.482557773590088,3.700000047683716,2003-01-09,3.759999990463257,3.5299999713897705,3.5299999713897705,103200
3771,3.3413727283477783,3.549999952316284,2003-01-08,3.5999999046325684,3.5299999713897705,3.5799999237060547,42800
3772,3.388434410095215,3.5999999046325684,2003-01-07,3.744999885559082,3.575000047683716,3.625,39800
3773,3.407258987426758,3.619999885559082,2003-01-06,3.619999885559082,3.5850000381469727,3.619999885559082,26200
3774,3.402552843093872,3.615000009536743,2003-01-03,3.615000009536743,3.549999952316284,3.5999999046325684,3600
3775,3.3366668224334717,3.5450000762939453,2003-01-02,3.5950000286102295,3.5450000762939453,3.549999952316284,85400
3776,3.3178422451019287,3.5250000953674316,2002-12-31,3.5299999713897705,3.4800000190734863,3.494999885559082,56000
3777,3.275486707687378,3.4800000190734863,2002-12-30,3.609999895095825,3.4549999237060547,3.575000047683716,22600
3778,3.294311285018921,3.5,2002-12-27,3.5299999713897705,3.450000047683716,3.4749999046325684,179200
3779,3.294311285018921,3.5,2002-12-26,3.5299999713897705,3.4749999046325684,3.4800000190734863,14600
3780,3.294311285018921,3.5,2002-12-24,3.509999990463257,3.5,3.5,5800
3781,3.25195574760437,3.4549999237060547,2002-12-23,3.5250000953674316,3.380000114440918,3.4000000953674316,29400
3782,3.270780324935913,3.4749999046325684,2002-12-20,3.509999990463257,3.384999990463257,3.384999990463257,5800
3783,3.181363582611084,3.380000114440918,2002-12-19,3.5199999809265137,3.380000114440918,3.4749999046325684,33200
3784,3.275486707687378,3.4800000190734863,2002-12-18,3.6449999809265137,3.4749999046325684,3.6449999809265137,20400
3785,3.3178422451019287,3.5250000953674316,2002-12-17,3.5250000953674316,3.484999895095825,3.505000114440918,16600
3786,3.2848989963531494,3.490000009536743,2002-12-16,3.6500000953674316,3.4800000190734863,3.6500000953674316,44400
3787,3.3366668224334717,3.5450000762939453,2002-12-13,3.625,3.5,3.5999999046325684,26600
3788,3.364903688430786,3.575000047683716,2002-12-12,3.6500000953674316,3.575000047683716,3.640000104904175,19000
3789,3.42608380317688,3.640000104904175,2002-12-11,3.6549999713897705,3.5999999046325684,3.6549999713897705,6000
3790,3.4684391021728516,3.684999942779541,2002-12-10,3.7200000286102295,3.625,3.6549999713897705,12600
3791,3.482557773590088,3.700000047683716,2002-12-09,3.7750000953674316,3.6500000953674316,3.7750000953674316,34800
3792,3.553150177001953,3.7750000953674316,2002-12-06,3.7750000953674316,3.6500000953674316,3.7750000953674316,23400
3793,3.482557773590088,3.700000047683716,2002-12-05,3.7750000953674316,3.5999999046325684,3.7750000953674316,8000
3794,3.501382350921631,3.7200000286102295,2002-12-04,3.799999952316284,3.700000047683716,3.700000047683716,54200
3795,3.482557773590088,3.700000047683716,2002-12-03,3.75,3.6700000762939453,3.674999952316284,28400
3796,3.440202236175537,3.6549999713897705,2002-12-02,3.700000047683716,3.625,3.674999952316284,18800
3797,3.477851390838623,3.694999933242798,2002-11-29,3.700000047683716,3.6500000953674316,3.700000047683716,10000
3798,3.4543206691741943,3.6700000762939453,2002-11-27,3.7200000286102295,3.630000114440918,3.630000114440918,24200
3799,3.482557773590088,3.700000047683716,2002-11-26,3.700000047683716,3.505000114440918,3.6700000762939453,115400
3800,3.440202236175537,3.6549999713897705,2002-11-25,3.7249999046325684,3.575000047683716,3.5850000381469727,19200
3801,3.35078501701355,3.559999942779541,2002-11-22,3.674999952316284,3.4749999046325684,3.555000066757202,503200
3802,3.444908380508423,3.6600000858306885,2002-11-21,3.7049999237060547,3.5,3.7049999237060547,190200
3803,3.5060882568359375,3.7249999046325684,2002-11-20,3.75,3.7100000381469727,3.75,7600
3804,3.5296192169189453,3.75,2002-11-19,3.75,3.680000066757202,3.7200000286102295,17400
3805,3.670804023742676,3.9000000953674316,2002-11-18,3.924999952316284,3.869999885559082,3.9100000858306885,21200
3806,3.609623908996582,3.8350000381469727,2002-11-15,3.944999933242798,3.819999933242798,3.9000000953674316,17800
3807,3.6990408897399902,3.930000066757202,2002-11-14,3.950000047683716,3.700000047683716,3.744999885559082,63400
3808,3.5060882568359375,3.7249999046325684,2002-11-13,3.75,3.6500000953674316,3.75,30000
3809,3.45902681350708,3.674999952316284,2002-11-12,3.75,3.674999952316284,3.75,24600
3810,3.515500545501709,3.734999895095825,2002-11-11,3.734999895095825,3.6449999809265137,3.6700000762939453,8800
3811,3.4166715145111084,3.630000114440918,2002-11-08,3.684999942779541,3.630000114440918,3.674999952316284,35000
3812,3.45902681350708,3.674999952316284,2002-11-07,3.700000047683716,3.674999952316284,3.694999933242798,34200
3813,3.477851390838623,3.694999933242798,2002-11-06,3.75,3.6500000953674316,3.7249999046325684,28400
3814,3.482557773590088,3.700000047683716,2002-11-05,3.75,3.625,3.700000047683716,57600
3815,3.45902681350708,3.674999952316284,2002-11-04,3.700000047683716,3.625,3.694999933242798,49000
3816,3.4354960918426514,3.6500000953674316,2002-11-01,3.6500000953674316,3.625,3.6500000953674316,22600
3817,3.4166715145111084,3.630000114440918,2002-10-31,3.6600000858306885,3.625,3.6600000858306885,6200
3818,3.4354960918426514,3.6500000953674316,2002-10-30,3.700000047683716,3.6500000953674316,3.700000047683716,24400
3819,3.440202236175537,3.6549999713897705,2002-10-29,3.700000047683716,3.630000114440918,3.700000047683716,34600
3820,3.463732957839966,3.680000066757202,2002-10-28,3.700000047683716,3.6500000953674316,3.700000047683716,54200
3821,3.3931405544281006,3.6050000190734863,2002-10-25,3.700000047683716,3.6050000190734863,3.674999952316284,26600
3822,3.388434410095215,3.5999999046325684,2002-10-24,3.674999952316284,3.5999999046325684,3.674999952316284,28000
3823,3.444908380508423,3.6600000858306885,2002-10-23,3.680000066757202,3.6500000953674316,3.6700000762939453,60400
3824,3.4684391021728516,3.684999942779541,2002-10-22,3.690000057220459,3.559999942779541,3.684999942779541,35600
3825,3.4731452465057373,3.690000057220459,2002-10-21,3.75,3.2799999713897705,3.424999952316284,47400
3826,3.2237188816070557,3.424999952316284,2002-10-18,3.444999933242798,3.325000047683716,3.444999933242798,12600
3827,3.2237188816070557,3.424999952316284,2002-10-17,3.424999952316284,3.1500000953674316,3.244999885559082,26600
3828,3.0966525077819824,3.2899999618530273,2002-10-16,3.319999933242798,3.0199999809265137,3.0199999809265137,14600
3829,3.106064796447754,3.299999952316284,2002-10-15,3.4149999618530273,3.244999885559082,3.2850000858306885,25400
3830,2.9319369792938232,3.115000009536743,2002-10-14,3.3450000286102295,3.115000009536743,3.2049999237060547,14600
3831,3.01194167137146,3.200000047683716,2002-10-11,3.369999885559082,3.0899999141693115,3.2799999713897705,105000
3832,2.9978232383728027,3.184999942779541,2002-10-10,3.319999933242798,3.049999952316284,3.319999933242798,28000
3833,3.106064796447754,3.299999952316284,2002-10-09,3.299999952316284,3.2200000286102295,3.299999952316284,11600
3834,3.0590033531188965,3.25,2002-10-08,3.430000066757202,3.25,3.430000066757202,5200
3835,3.1295957565307617,3.325000047683716,2002-10-07,3.450000047683716,3.2950000762939453,3.4000000953674316,12600
3836,3.275486707687378,3.4800000190734863,2002-10-04,3.490000009536743,3.4000000953674316,3.490000009536743,18400
3837,3.270780324935913,3.4749999046325684,2002-10-03,3.5,3.4149999618530273,3.5,20000
3838,3.200188159942627,3.4000000953674316,2002-10-02,3.490000009536743,3.1549999713897705,3.299999952316284,38400
3839,3.082534074783325,3.2750000953674316,2002-10-01,3.299999952316284,3.115000009536743,3.2899999618530273,26600
3840,3.0590033531188965,3.25,2002-09-30,3.4000000953674316,3.2049999237060547,3.3949999809265137,41800
3841,3.2048943042755127,3.4049999713897705,2002-09-27,3.4049999713897705,3.2750000953674316,3.299999952316284,2800
3842,3.1860694885253906,3.384999990463257,2002-09-26,3.4000000953674316,3.2699999809265137,3.4000000953674316,9400
3843,3.200188159942627,3.4000000953674316,2002-09-25,3.5,3.25,3.4600000381469727,23000
3844,3.2660744190216064,3.4700000286102295,2002-09-24,3.5,3.4700000286102295,3.5,5600
3845,3.3413727283477783,3.549999952316284,2002-09-23,3.6050000190734863,3.5250000953674316,3.6050000190734863,9400
3846,3.388434410095215,3.5999999046325684,2002-09-20,3.619999885559082,3.5950000286102295,3.619999885559082,8600
3847,3.346079111099243,3.555000066757202,2002-09-19,3.6449999809265137,3.5250000953674316,3.6449999809265137,53800
3848,3.4354960918426514,3.6500000953674316,2002-09-18,3.6600000858306885,3.5999999046325684,3.6600000858306885,13000
3849,3.4354960918426514,3.6500000953674316,2002-09-17,3.700000047683716,3.6500000953674316,3.700000047683716,25400
3850,3.4354960918426514,3.6500000953674316,2002-09-16,3.6500000953674316,3.430000066757202,3.6500000953674316,22000
3851,3.388434410095215,3.5999999046325684,2002-09-13,3.684999942779541,3.549999952316284,3.684999942779541,87600
3852,3.369609832763672,3.5799999237060547,2002-09-12,3.9700000286102295,3.565000057220459,3.9700000286102295,62200
3853,3.7178657054901123,3.950000047683716,2002-09-11,4.0,3.9000000953674316,3.924999952316284,32000
3854,3.670804023742676,3.9000000953674316,2002-09-10,3.9000000953674316,3.825000047683716,3.8949999809265137,49200
3855,3.628448486328125,3.8550000190734863,2002-09-09,3.940000057220459,3.565000057220459,3.6449999809265137,51800
3856,3.383728265762329,3.5950000286102295,2002-09-06,3.75,3.430000066757202,3.6500000953674316,36000
3857,3.181363582611084,3.380000114440918,2002-09-05,3.615000009536743,3.259999990463257,3.609999895095825,32200
3858,3.388434410095215,3.5999999046325684,2002-09-04,3.5999999046325684,3.2950000762939453,3.369999885559082,88000
3859,3.082534074783325,3.2750000953674316,2002-09-03,3.3499999046325684,3.25,3.3450000286102295,42200
3860,3.1201834678649902,3.315000057220459,2002-08-30,3.369999885559082,3.2850000858306885,3.369999885559082,6800
3861,3.1672449111938477,3.365000009536743,2002-08-29,3.450000047683716,3.2200000286102295,3.450000047683716,26600
3862,3.214306592941284,3.4149999618530273,2002-08-28,3.4149999618530273,3.299999952316284,3.3450000286102295,11400
3863,3.0354723930358887,3.2249999046325684,2002-08-27,3.3499999046325684,3.190000057220459,3.194999933242798,60800
3864,3.007235527038574,3.194999933242798,2002-08-26,3.2249999046325684,3.134999990463257,3.2200000286102295,81400
3865,2.8942878246307373,3.075000047683716,2002-08-23,3.075000047683716,3.0250000953674316,3.049999952316284,54800
3866,2.8754632472991943,3.055000066757202,2002-08-22,3.0799999237060547,2.9549999237060547,2.9549999237060547,53000
3867,2.8142831325531006,2.990000009536743,2002-08-21,3.119999885559082,2.990000009536743,3.0450000762939453,80200
3868,2.823695421218872,3.0,2002-08-20,3.184999942779541,2.924999952316284,3.184999942779541,45400
3869,2.7954583168029785,2.9700000286102295,2002-08-19,3.075000047683716,2.924999952316284,2.9749999046325684,28800
3870,2.677804470062256,2.8450000286102295,2002-08-16,2.9049999713897705,2.7850000858306885,2.799999952316284,115400
3871,2.635448932647705,2.799999952316284,2002-08-15,2.9049999713897705,2.799999952316284,2.865000009536743,47800
3872,2.7060413360595703,2.875,2002-08-14,2.924999952316284,2.859999895095825,2.924999952316284,22400
3873,2.7578091621398926,2.930000066757202,2002-08-13,3.0,2.924999952316284,2.934999942779541,31400
3874,2.6872167587280273,2.8550000190734863,2002-08-12,2.8949999809265137,2.8499999046325684,2.8949999809265137,30000
3875,2.691922903060913,2.859999895095825,2002-08-09,2.9600000381469727,2.8499999046325684,2.884999990463257,195400
3876,2.7248659133911133,2.8949999809265137,2002-08-08,2.9100000858306885,2.8499999046325684,2.9100000858306885,17200
3877,2.7813398838043213,2.9549999237060547,2002-08-07,2.9600000381469727,2.9000000953674316,2.9000000953674316,214600
3878,2.6825106143951416,2.8499999046325684,2002-08-06,2.984999895095825,2.8499999046325684,2.9749999046325684,110800
3879,2.8001644611358643,2.9749999046325684,2002-08-05,2.984999895095825,2.9749999046325684,2.984999895095825,6400
3880,2.823695421218872,3.0,2002-08-02,3.0,2.9800000190734863,2.9800000190734863,6200
3881,2.8142831325531006,2.990000009536743,2002-08-01,3.0,2.9549999237060547,2.984999895095825,27200
3882,2.804870843887329,2.9800000190734863,2002-07-31,2.9800000190734863,2.930000066757202,2.9800000190734863,40400
3883,2.804870843887329,2.9800000190734863,2002-07-30,3.015000104904175,2.9800000190734863,3.015000104904175,12200
3884,2.828401565551758,3.005000114440918,2002-07-29,3.075000047683716,2.994999885559082,2.994999885559082,9400
3885,2.823695421218872,3.0,2002-07-26,3.055000066757202,2.9549999237060547,3.055000066757202,50200
3886,2.9131124019622803,3.0950000286102295,2002-07-25,3.0999999046325684,2.9100000858306885,3.0950000286102295,6400
3887,2.8331077098846436,3.009999990463257,2002-07-24,3.0999999046325684,2.875,3.069999933242798,43400
3888,2.917818546295166,3.0999999046325684,2002-07-23,3.2750000953674316,3.055000066757202,3.2750000953674316,17600
3889,3.082534074783325,3.2750000953674316,2002-07-22,3.424999952316284,3.2750000953674316,3.3499999046325684,26000
3890,3.237837314605713,3.440000057220459,2002-07-19,3.440000057220459,3.305000066757202,3.305000066757202,22200
3891,3.143714189529419,3.3399999141693115,2002-07-18,3.450000047683716,3.3399999141693115,3.3499999046325684,7000
3892,3.2472496032714844,3.450000047683716,2002-07-17,3.5999999046325684,3.305000066757202,3.5350000858306885,43400
3893,3.3272545337677,3.5350000858306885,2002-07-16,3.5999999046325684,3.3499999046325684,3.3499999046325684,18000
3894,3.1107711791992188,3.305000066757202,2002-07-15,3.305000066757202,3.2049999237060547,3.2049999237060547,15800
3895,3.176657199859619,3.375,2002-07-12,3.424999952316284,3.1500000953674316,3.424999952316284,14200
3896,2.9460556507110596,3.130000114440918,2002-07-11,3.25,3.055000066757202,3.125,39600
3897,2.9413492679595947,3.125,2002-07-10,3.2899999618530273,3.125,3.2899999618530273,194200
3898,3.0590033531188965,3.25,2002-07-09,3.369999885559082,3.2300000190734863,3.2300000190734863,35200
3899,3.157832622528076,3.3550000190734863,2002-07-08,3.369999885559082,3.125,3.125,36400
3900,3.0590033531188965,3.25,2002-07-05,3.25,3.1050000190734863,3.1050000190734863,117400
3901,2.917818546295166,3.0999999046325684,2002-07-03,3.440000057220459,3.005000114440918,3.4000000953674316,78200
3902,3.200188159942627,3.4000000953674316,2002-07-02,3.5,3.3399999141693115,3.3399999141693115,12400
3903,3.256662130355835,3.4600000381469727,2002-07-01,3.5950000286102295,3.194999933242798,3.4800000190734863,74800
3904,3.2801926136016846,3.484999895095825,2002-06-28,3.634999990463257,3.4549999237060547,3.625,141800
3905,3.42608380317688,3.640000104904175,2002-06-27,3.8949999809265137,3.625,3.625,49600
3906,3.440202236175537,3.6549999713897705,2002-06-26,3.8399999141693115,3.5950000286102295,3.75,78000
3907,3.5060882568359375,3.7249999046325684,2002-06-25,3.8949999809265137,3.700000047683716,3.8949999809265137,255600
3908,3.7555148601531982,3.990000009536743,2002-06-24,3.990000009536743,3.765000104904175,3.875,36200
3909,3.647273063659668,3.875,2002-06-21,3.9549999237060547,3.8499999046325684,3.9549999237060547,18600
3910,3.6237423419952393,3.8499999046325684,2002-06-20,4.045000076293945,3.8499999046325684,4.045000076293945,15200
3911,3.7319839000701904,3.9649999141693115,2002-06-19,4.0,3.950000047683716,4.0,16000
3912,3.7178657054901123,3.950000047683716,2002-06-18,4.0,3.950000047683716,4.0,10400
3913,3.741396188735962,3.9749999046325684,2002-06-17,4.0,3.9749999046325684,4.0,4600
3914,3.6943347454071045,3.924999952316284,2002-06-14,4.0,3.880000114440918,3.950000047683716,143000
3915,3.6896286010742188,3.9200000762939453,2002-06-13,3.994999885559082,3.9149999618530273,3.9149999618530273,9000
3916,3.6943347454071045,3.924999952316284,2002-06-12,3.9749999046325684,3.9200000762939453,3.9549999237060547,63800
3917,3.741396188735962,3.9749999046325684,2002-06-11,4.074999809265137,3.9749999046325684,4.005000114440918,42000
3918,3.7696335315704346,4.005000114440918,2002-06-10,4.125,4.005000114440918,4.039999961853027,95800
3919,3.8025763034820557,4.039999961853027,2002-06-07,4.179999828338623,4.039999961853027,4.179999828338623,54200
3920,4.019059658050537,4.269999980926514,2002-06-06,4.349999904632568,4.199999809265137,4.324999809265137,7600
3921,4.070827484130859,4.324999809265137,2002-06-05,4.519999980926514,4.324999809265137,4.519999980926514,10000
3922,4.230836868286133,4.494999885559082,2002-06-04,4.5,4.40500020980835,4.5,6200
3923,4.188481330871582,4.449999809265137,2002-06-03,4.539999961853027,4.40500020980835,4.534999847412109,37200
3924,4.320253849029541,4.590000152587891,2002-05-31,4.625,4.295000076293945,4.414999961853027,48200
3925,4.080239772796631,4.335000038146973,2002-05-30,4.425000190734863,4.130000114440918,4.164999961853027,34200
3926,3.9531733989715576,4.199999809265137,2002-05-29,4.420000076293945,4.199999809265137,4.409999847412109,50200
3927,4.150832176208496,4.409999847412109,2002-05-28,4.53000020980835,4.324999809265137,4.53000020980835,91800
3928,4.263780117034912,4.53000020980835,2002-05-24,4.570000171661377,4.510000228881836,4.554999828338623,15000
3929,4.287310600280762,4.554999828338623,2002-05-23,4.699999809265137,4.554999828338623,4.699999809265137,5000
3930,4.414377212524414,4.690000057220459,2002-05-22,4.690000057220459,4.690000057220459,4.690000057220459,200
3931,4.35319709777832,4.625,2002-05-21,4.699999809265137,4.625,4.699999809265137,8000
3932,4.423789024353027,4.699999809265137,2002-05-20,4.699999809265137,4.699999809265137,4.699999809265137,2000
3933,4.423789024353027,4.699999809265137,2002-05-17,4.940000057220459,4.690000057220459,4.699999809265137,9600
3934,4.395552635192871,4.670000076293945,2002-05-16,4.670000076293945,4.590000152587891,4.639999866485596,72400
3935,4.419083595275879,4.695000171661377,2002-05-15,4.75,4.625,4.650000095367432,15600
3936,4.395552635192871,4.670000076293945,2002-05-14,4.724999904632568,4.630000114440918,4.724999904632568,103200
3937,4.372021675109863,4.644999980926514,2002-05-13,4.784999847412109,4.625,4.784999847412109,49200
3938,4.517912864685059,4.800000190734863,2002-05-10,4.800000190734863,4.739999771118164,4.739999771118164,10200
3939,4.508500099182129,4.789999961853027,2002-05-09,4.800000190734863,4.775000095367432,4.800000190734863,3400
3940,4.494381904602051,4.775000095367432,2002-05-08,4.804999828338623,4.675000190734863,4.695000171661377,62800
3941,4.414377212524414,4.690000057220459,2002-05-07,4.75,4.675000190734863,4.75,27000
3942,4.423789024353027,4.699999809265137,2002-05-06,4.78000020980835,4.699999809265137,4.75,28600
3943,4.400259017944336,4.675000190734863,2002-05-03,4.920000076293945,4.675000190734863,4.920000076293945,36600
3944,4.583798885345459,4.869999885559082,2002-05-02,4.925000190734863,4.804999828338623,4.925000190734863,69000
3945,4.635566711425781,4.925000190734863,2002-05-01,4.974999904632568,4.849999904632568,4.974999904632568,3400
3946,4.659097194671631,4.949999809265137,2002-04-30,4.974999904632568,4.824999809265137,4.824999809265137,23000
3947,4.541443347930908,4.824999809265137,2002-04-29,4.900000095367432,4.824999809265137,4.849999904632568,47600
3948,4.663803577423096,4.954999923706055,2002-04-26,4.954999923706055,4.875,4.900000095367432,13400
3949,4.663803577423096,4.954999923706055,2002-04-25,5.175000190734863,4.875,5.074999809265137,86000
3950,4.7061591148376465,5.0,2002-04-24,5.099999904632568,4.699999809265137,4.75,235000
3951,4.560267925262451,4.84499979019165,2002-04-23,4.84499979019165,4.5,4.550000190734863,145000
3952,4.21201229095459,4.474999904632568,2002-04-22,4.625,4.449999809265137,4.625,11200
3953,4.282604694366455,4.550000190734863,2002-04-19,4.650000095367432,4.550000190734863,4.574999809265137,42600
3954,4.3296661376953125,4.599999904632568,2002-04-18,4.795000076293945,4.574999809265137,4.599999904632568,63200
3955,4.259073734283447,4.525000095367432,2002-04-17,4.574999809265137,4.5,4.505000114440918,16400
3956,4.282604694366455,4.550000190734863,2002-04-16,4.550000190734863,4.474999904632568,4.5,14600
3957,4.21201229095459,4.474999904632568,2002-04-15,4.474999904632568,4.425000190734863,4.474999904632568,6400
3958,4.21201229095459,4.474999904632568,2002-04-12,4.650000095367432,4.474999904632568,4.650000095367432,14800
3959,4.386139869689941,4.659999847412109,2002-04-11,4.659999847412109,4.5,4.574999809265137,10200
3960,4.306135177612305,4.574999809265137,2002-04-10,4.599999904632568,4.505000114440918,4.510000228881836,11200
3961,4.27789831161499,4.545000076293945,2002-04-09,4.570000171661377,4.505000114440918,4.505000114440918,17600
3962,4.376728057861328,4.650000095367432,2002-04-08,4.650000095367432,4.525000095367432,4.525000095367432,2200
3963,4.376728057861328,4.650000095367432,2002-04-05,4.650000095367432,4.514999866485596,4.514999866485596,9800
3964,4.35319709777832,4.625,2002-04-04,4.650000095367432,4.514999866485596,4.53000020980835,47000
3965,4.315547943115234,4.585000038146973,2002-04-03,4.724999904632568,4.510000228881836,4.510000228881836,44200
3966,4.306135177612305,4.574999809265137,2002-04-02,4.625,4.550000190734863,4.625,9200
3967,4.35319709777832,4.625,2002-04-01,4.739999771118164,4.625,4.739999771118164,29400
3968,4.466144561767578,4.744999885559082,2002-03-28,4.75,4.449999809265137,4.550000190734863,44400
3969,4.273192405700684,4.539999961853027,2002-03-27,4.574999809265137,4.434999942779541,4.434999942779541,28000
3970,4.188481330871582,4.449999809265137,2002-03-26,4.644999980926514,4.429999828338623,4.644999980926514,96000
3971,4.306135177612305,4.574999809265137,2002-03-25,4.625,4.525000095367432,4.625,3400
3972,4.259073734283447,4.525000095367432,2002-03-22,4.809999942779541,4.425000190734863,4.809999942779541,41000
3973,4.44261360168457,4.71999979019165,2002-03-21,4.815000057220459,4.699999809265137,4.75,74400
3974,4.292016983032227,4.559999942779541,2002-03-20,4.75,4.550000190734863,4.695000171661377,27600
3975,4.35319709777832,4.625,2002-03-19,4.75,4.599999904632568,4.744999885559082,13200
3976,4.466144561767578,4.744999885559082,2002-03-18,4.744999885559082,4.599999904632568,4.625,11800
3977,4.489675521850586,4.769999980926514,2002-03-15,4.824999809265137,4.625,4.625,27200
3978,4.35319709777832,4.625,2002-03-14,4.75,4.40500020980835,4.625,85600
3979,4.3296661376953125,4.599999904632568,2002-03-13,4.824999809265137,4.400000095367432,4.545000076293945,79600
3980,4.240249156951904,4.505000114440918,2002-03-12,4.550000190734863,4.449999809265137,4.474999904632568,35200
3981,4.235543251037598,4.5,2002-03-11,4.550000190734863,4.474999904632568,4.474999904632568,54800
3982,4.21201229095459,4.474999904632568,2002-03-08,4.525000095367432,4.474999904632568,4.494999885559082,34000
3983,4.226130485534668,4.489999771118164,2002-03-07,4.494999885559082,4.349999904632568,4.355000019073486,60600
3984,4.235543251037598,4.5,2002-03-06,4.5,4.324999809265137,4.445000171661377,44200
3985,4.150832176208496,4.409999847412109,2002-03-05,4.409999847412109,4.355000019073486,4.355000019073486,12000
3986,4.070827484130859,4.324999809265137,2002-03-04,4.46999979019165,4.324999809265137,4.46999979019165,28400
3987,4.117888927459717,4.375,2002-03-01,4.559999942779541,4.309999942779541,4.559999942779541,46600
3988,4.306135177612305,4.574999809265137,2002-02-28,4.574999809265137,4.385000228881836,4.454999923706055,26400
3989,4.21201229095459,4.474999904632568,2002-02-27,4.5,4.454999923706055,4.5,12200
3990,4.235543251037598,4.5,2002-02-26,4.599999904632568,4.454999923706055,4.454999923706055,16600
3991,4.230836868286133,4.494999885559082,2002-02-25,4.5,4.454999923706055,4.454999923706055,19800
3992,4.230836868286133,4.494999885559082,2002-02-22,4.510000228881836,4.449999809265137,4.5,9400
3993,4.447319984436035,4.724999904632568,2002-02-21,4.724999904632568,4.400000095367432,4.525000095367432,51200
3994,4.259073734283447,4.525000095367432,2002-02-20,4.53000020980835,4.46999979019165,4.53000020980835,15400
3995,4.3108415603637695,4.579999923706055,2002-02-19,4.579999923706055,4.449999809265137,4.449999809265137,19400
3996,4.301429271697998,4.570000171661377,2002-02-15,4.570000171661377,4.375,4.5,10000
3997,4.282604694366455,4.550000190734863,2002-02-14,4.755000114440918,4.400000095367432,4.755000114440918,35600
3998,4.259073734283447,4.525000095367432,2002-02-13,4.525000095367432,4.525000095367432,4.525000095367432,22800
3999,4.21201229095459,4.474999904632568,2002-02-12,4.574999809265137,4.474999904632568,4.574999809265137,36400
4000,4.35319709777832,4.625,2002-02-11,4.625,4.525000095367432,4.525000095367432,18600
4001,4.343784332275391,4.614999771118164,2002-02-08,4.619999885559082,4.400000095367432,4.525000095367432,13000
4002,4.35319709777832,4.625,2002-02-07,4.625,4.525000095367432,4.554999828338623,33800
4003,4.282604694366455,4.550000190734863,2002-02-06,4.735000133514404,4.550000190734863,4.579999923706055,156800
4004,4.3296661376953125,4.599999904632568,2002-02-05,4.699999809265137,4.400000095367432,4.400000095367432,199000
4005,4.141419887542725,4.400000095367432,2002-02-04,4.550000190734863,4.400000095367432,4.449999809265137,94600
4006,4.188481330871582,4.449999809265137,2002-02-01,4.510000228881836,4.425000190734863,4.425000190734863,33200
4007,4.164950847625732,4.425000190734863,2002-01-31,4.574999809265137,4.425000190734863,4.429999828338623,3000
4008,4.1978936195373535,4.460000038146973,2002-01-30,4.625,4.460000038146973,4.554999828338623,17800
4009,4.282604694366455,4.550000190734863,2002-01-29,4.75,4.550000190734863,4.625,13200
4010,4.3296661376953125,4.599999904632568,2002-01-28,4.75,4.550000190734863,4.585000038146973,88200
4011,4.315547943115234,4.585000038146973,2002-01-25,4.585000038146973,4.525000095367432,4.525000095367432,600
4012,4.282604694366455,4.550000190734863,2002-01-24,4.724999904632568,4.5,4.5,10200
4013,4.400259017944336,4.675000190734863,2002-01-23,4.75,4.429999828338623,4.429999828338623,50600
4014,4.174363136291504,4.434999942779541,2002-01-22,4.550000190734863,4.425000190734863,4.445000171661377,22200
4015,4.141419887542725,4.400000095367432,2002-01-18,4.489999771118164,4.400000095367432,4.40500020980835,11000
4016,4.188481330871582,4.449999809265137,2002-01-17,4.554999828338623,4.425000190734863,4.550000190734863,37800
4017,4.282604694366455,4.550000190734863,2002-01-16,4.554999828338623,4.550000190734863,4.554999828338623,1800
4018,4.3296661376953125,4.599999904632568,2002-01-15,4.644999980926514,4.599999904632568,4.644999980926514,6600
4019,4.35319709777832,4.625,2002-01-14,4.664999961853027,4.599999904632568,4.664999961853027,11000
4020,4.508500099182129,4.789999961853027,2002-01-11,4.875,4.425000190734863,4.699999809265137,155800
4021,4.35319709777832,4.625,2002-01-10,4.625,4.579999923706055,4.625,83800
4022,4.3296661376953125,4.599999904632568,2002-01-09,4.630000114440918,4.574999809265137,4.625,27800
4023,4.35319709777832,4.625,2002-01-08,4.855000019073486,4.610000133514404,4.675000190734863,66200
4024,4.489675521850586,4.769999980926514,2002-01-07,4.840000152587891,4.525000095367432,4.554999828338623,226600
4025,4.282604694366455,4.550000190734863,2002-01-04,4.75,4.429999828338623,4.75,571600
4026,4.35319709777832,4.625,2002-01-03,4.730000019073486,4.574999809265137,4.710000038146973,117400
4027,4.447319984436035,4.724999904632568,2002-01-02,4.894999980926514,4.699999809265137,4.764999866485596,41400
4028,4.494381904602051,4.775000095367432,2001-12-31,4.815000057220459,4.550000190734863,4.755000114440918,103200
4029,4.494381904602051,4.775000095367432,2001-12-28,5.0,4.775000095367432,4.849999904632568,15400
4030,4.612035751342773,4.900000095367432,2001-12-27,5.074999809265137,4.800000190734863,5.074999809265137,101000
4031,4.659097194671631,4.949999809265137,2001-12-26,5.025000095367432,4.875,4.875,42400
4032,4.612035751342773,4.900000095367432,2001-12-24,5.045000076293945,4.864999771118164,5.045000076293945,6400
4033,4.7061591148376465,5.0,2001-12-21,5.0,4.724999904632568,4.900000095367432,26000
4034,4.569680213928223,4.855000019073486,2001-12-20,4.994999885559082,4.835000038146973,4.875,26600
4035,4.541443347930908,4.824999809265137,2001-12-19,5.0,4.775000095367432,4.875,66000
4036,4.470850944519043,4.75,2001-12-18,5.074999809265137,4.75,4.755000114440918,182400
4037,4.470850944519043,4.75,2001-12-17,5.079999923706055,4.699999809265137,5.079999923706055,4112200
4038,4.659097194671631,4.949999809265137,2001-12-14,5.125,4.855000019073486,4.855000019073486,747200
4039,4.701452732086182,4.994999885559082,2001-12-13,4.994999885559082,4.730000019073486,4.840000152587891,124200
4040,4.612035751342773,4.900000095367432,2001-12-12,4.900000095367432,4.25,4.349999904632568,52600
4041,4.023766040802002,4.275000095367432,2001-12-11,4.349999904632568,4.25,4.300000190734863,28000
4042,4.000235080718994,4.25,2001-12-10,4.434999942779541,4.074999809265137,4.25,23200
4043,3.8825812339782715,4.125,2001-12-07,4.25,4.025000095367432,4.03000020980835,40400
4044,3.816694736480713,4.054999828338623,2001-12-06,4.135000228881836,3.9549999237060547,3.9549999237060547,146600
4045,3.7884581089019775,4.025000095367432,2001-12-05,4.025000095367432,3.9000000953674316,3.990000009536743,209400
4046,3.760220766067505,3.994999885559082,2001-12-04,3.994999885559082,3.799999952316284,3.9000000953674316,6800
4047,3.760220766067505,3.994999885559082,2001-12-03,4.039999961853027,3.880000114440918,3.880000114440918,4200
4048,3.7178657054901123,3.950000047683716,2001-11-30,3.950000047683716,3.7750000953674316,3.8550000190734863,5800
4049,3.628448486328125,3.8550000190734863,2001-11-29,4.25,3.799999952316284,3.994999885559082,18200
4050,3.628448486328125,3.8550000190734863,2001-11-28,4.074999809265137,3.799999952316284,4.074999809265137,16000
4051,3.670804023742676,3.9000000953674316,2001-11-27,4.010000228881836,3.875,4.010000228881836,11200
4052,3.8308136463165283,4.070000171661377,2001-11-26,4.090000152587891,4.010000228881836,4.090000152587891,76200
4053,3.948467493057251,4.195000171661377,2001-11-23,4.195000171661377,4.195000171661377,4.195000171661377,400
4054,3.7649271488189697,4.0,2001-11-21,4.005000114440918,3.875,4.0,19600
4055,3.7649271488189697,4.0,2001-11-20,4.03000020980835,4.0,4.0,31600
4056,3.7649271488189697,4.0,2001-11-19,4.300000190734863,3.7249999046325684,4.125,58600
4057,3.929642915725708,4.175000190734863,2001-11-16,4.295000076293945,4.175000190734863,4.295000076293945,6200
4058,4.04729700088501,4.300000190734863,2001-11-15,4.385000228881836,3.984999895095825,4.170000076293945,33200
4059,3.9061119556427,4.150000095367432,2001-11-14,4.34499979019165,4.005000114440918,4.175000190734863,223200
4060,3.7649271488189697,4.0,2001-11-13,4.215000152587891,3.9749999046325684,4.090000152587891,135600
4061,3.7649271488189697,4.0,2001-11-12,4.050000190734863,3.994999885559082,4.0,14000
4062,3.7555148601531982,3.990000009536743,2001-11-09,4.059999942779541,3.9800000190734863,3.990000009536743,5400
4063,3.7649271488189697,4.0,2001-11-08,4.175000190734863,3.9800000190734863,4.005000114440918,14800
4064,3.924936532974243,4.170000076293945,2001-11-07,4.170000076293945,3.9800000190734863,3.984999895095825,10600
4065,3.7649271488189697,4.0,2001-11-06,4.125,3.9800000190734863,4.099999904632568,115600
4066,3.8684628009796143,4.110000133514404,2001-11-05,4.324999809265137,4.099999904632568,4.119999885559082,116000
4067,3.8778748512268066,4.119999885559082,2001-11-02,4.25,4.050000190734863,4.119999885559082,14600
4068,3.8825812339782715,4.125,2001-11-01,4.125,3.9149999618530273,3.9149999618530273,11200
4069,3.8119888305664062,4.050000190734863,2001-10-31,4.125,3.9749999046325684,3.9800000190734863,24000
4070,3.7649271488189697,4.0,2001-10-30,4.099999904632568,4.0,4.099999904632568,11200
4071,3.670804023742676,3.9000000953674316,2001-10-29,4.150000095367432,3.9000000953674316,4.139999866485596,4200
4072,3.8966994285583496,4.139999866485596,2001-10-26,4.150000095367432,3.7750000953674316,3.7750000953674316,14000
4073,3.7696335315704346,4.005000114440918,2001-10-25,4.125,3.7750000953674316,3.799999952316284,3600
4074,3.6002116203308105,3.825000047683716,2001-10-24,3.825000047683716,3.7750000953674316,3.7750000953674316,1600
4075,3.6002116203308105,3.825000047683716,2001-10-23,4.074999809265137,3.825000047683716,3.950000047683716,4200
4076,3.835519313812256,4.074999809265137,2001-10-22,4.125,4.074999809265137,4.079999923706055,8200
4077,3.835519313812256,4.074999809265137,2001-10-19,4.074999809265137,3.890000104904175,4.050000190734863,6600
4078,3.7884581089019775,4.025000095367432,2001-10-18,4.025000095367432,3.799999952316284,3.799999952316284,21000
4079,3.647273063659668,3.875,2001-10-17,3.934999942779541,3.805000066757202,3.880000114440918,13800
4080,3.647273063659668,3.875,2001-10-16,3.875,3.7950000762939453,3.7950000762939453,3800
4081,3.5296192169189453,3.75,2001-10-15,3.75,3.75,3.75,2000
4082,3.5766806602478027,3.799999952316284,2001-10-12,3.809999942779541,3.75,3.809999942779541,2600
4083,3.5625624656677246,3.7850000858306885,2001-10-11,3.875,3.755000114440918,3.765000104904175,10000
4084,3.5437378883361816,3.765000104904175,2001-10-10,3.875,3.625,3.630000114440918,15000
4085,3.482557773590088,3.700000047683716,2001-10-09,3.700000047683716,3.575000047683716,3.6500000953674316,47600
4086,3.4354960918426514,3.6500000953674316,2001-10-08,3.765000104904175,3.6500000953674316,3.765000104904175,5600
4087,3.5437378883361816,3.765000104904175,2001-10-05,3.765000104904175,3.640000104904175,3.640000104904175,600
4088,3.5296192169189453,3.75,2001-10-04,3.765000104904175,3.744999885559082,3.744999885559082,6600
4089,3.5296192169189453,3.75,2001-10-03,3.75,3.6500000953674316,3.6500000953674316,4600
4090,3.4354960918426514,3.6500000953674316,2001-10-02,3.815000057220459,3.640000104904175,3.740000009536743,9600
4091,3.496675968170166,3.7149999141693115,2001-10-01,3.7149999141693115,3.5999999046325684,3.640000104904175,4000
4092,3.364903688430786,3.575000047683716,2001-09-28,3.75,3.4649999141693115,3.75,21200
4093,3.388434410095215,3.5999999046325684,2001-09-27,3.640000104904175,3.5,3.5,6600
4094,3.364903688430786,3.575000047683716,2001-09-26,3.744999885559082,3.494999885559082,3.5,52600
4095,3.275486707687378,3.4800000190734863,2001-09-25,3.5,3.4649999141693115,3.4700000286102295,10400
4096,3.2613680362701416,3.4649999141693115,2001-09-24,3.619999885559082,3.444999933242798,3.515000104904175,9200
4097,3.2284250259399414,3.430000066757202,2001-09-21,3.75,3.375,3.5999999046325684,45800
4098,3.294311285018921,3.5,2001-09-20,3.5999999046325684,3.384999990463257,3.5,39200
4099,3.2472496032714844,3.450000047683716,2001-09-19,3.765000104904175,3.4000000953674316,3.640000104904175,15600
4100,3.3037235736846924,3.509999990463257,2001-09-18,3.759999990463257,3.509999990463257,3.759999990463257,23600
4101,3.5625624656677246,3.7850000858306885,2001-09-17,3.9749999046325684,3.759999990463257,3.9749999046325684,9800
4102,3.7178657054901123,3.950000047683716,2001-09-10,4.03000020980835,3.950000047683716,4.03000020980835,59800
4103,3.816694736480713,4.054999828338623,2001-09-07,4.199999809265137,3.9700000286102295,4.0,12200
4104,3.7649271488189697,4.0,2001-09-06,4.019999980926514,3.9749999046325684,4.0,13800
4105,3.779045581817627,4.014999866485596,2001-09-05,4.119999885559082,4.014999866485596,4.074999809265137,15200
4106,3.835519313812256,4.074999809265137,2001-09-04,4.125,4.059999942779541,4.059999942779541,6800
4107,3.8261072635650635,4.065000057220459,2001-08-31,4.09499979019165,4.014999866485596,4.059999942779541,5000
4108,3.779045581817627,4.014999866485596,2001-08-30,4.139999866485596,3.9600000381469727,4.139999866485596,11000
4109,3.8966994285583496,4.139999866485596,2001-08-29,4.264999866485596,3.950000047683716,4.039999961853027,48600
4110,3.835519313812256,4.074999809265137,2001-08-28,4.125,4.0,4.050000190734863,55600
4111,3.891993761062622,4.135000228881836,2001-08-27,4.150000095367432,3.9749999046325684,3.9800000190734863,79200
4112,3.7649271488189697,4.0,2001-08-24,4.375,3.9100000858306885,4.204999923706055,208200
4113,4.052002906799316,4.304999828338623,2001-08-23,4.40500020980835,4.184999942779541,4.380000114440918,21400
4114,4.117888927459717,4.375,2001-08-22,4.659999847412109,4.375,4.659999847412109,15800
4115,4.21201229095459,4.474999904632568,2001-08-21,4.659999847412109,4.474999904632568,4.545000076293945,17600
4116,4.2167181968688965,4.480000019073486,2001-08-20,4.579999923706055,4.480000019073486,4.574999809265137,16400
4117,4.35319709777832,4.625,2001-08-17,4.650000095367432,4.574999809265137,4.635000228881836,29200
4118,4.381433963775635,4.65500020980835,2001-08-16,5.0,4.650000095367432,5.0,12200
4119,4.753220558166504,5.050000190734863,2001-08-15,5.050000190734863,4.804999828338623,4.804999828338623,75800
4120,4.517912864685059,4.800000190734863,2001-08-14,4.994999885559082,4.675000190734863,4.675000190734863,28400
4121,4.428495407104492,4.704999923706055,2001-08-13,4.704999923706055,4.5,4.684999942779541,44000
4122,4.409670829772949,4.684999942779541,2001-08-10,4.684999942779541,4.625,4.625,25400
4123,4.35319709777832,4.625,2001-08-09,4.650000095367432,4.619999885559082,4.625,36000
4124,4.35319709777832,4.625,2001-08-08,4.724999904632568,4.625,4.724999904632568,13000
4125,4.409670829772949,4.684999942779541,2001-08-07,4.795000076293945,4.684999942779541,4.695000171661377,12000
4126,4.470850944519043,4.75,2001-08-06,4.75,4.690000057220459,4.690000057220459,10200
4127,4.409670829772949,4.684999942779541,2001-08-03,4.75,4.684999942779541,4.75,7600
4128,4.414377212524414,4.690000057220459,2001-08-02,4.75,4.679999828338623,4.75,4000
4129,4.522618770599365,4.804999828338623,2001-08-01,5.199999809265137,4.679999828338623,4.715000152587891,24600
4130,4.400259017944336,4.675000190734863,2001-07-31,4.710000038146973,4.675000190734863,4.675000190734863,14400
4131,4.400259017944336,4.675000190734863,2001-07-30,4.864999771118164,4.670000076293945,4.829999923706055,14800
4132,4.588504791259766,4.875,2001-07-27,4.96999979019165,4.869999885559082,4.869999885559082,26200
4133,4.55085563659668,4.835000038146973,2001-07-26,5.0,4.829999923706055,5.0,4400
4134,4.5932111740112305,4.880000114440918,2001-07-25,5.005000114440918,4.880000114440918,4.925000190734863,8400
4135,4.635566711425781,4.925000190734863,2001-07-24,5.005000114440918,4.925000190734863,5.005000114440918,6800
4136,4.710865020751953,5.005000114440918,2001-07-23,5.005000114440918,4.824999809265137,4.824999809265137,5800
4137,4.541443347930908,4.824999809265137,2001-07-20,5.0,4.800000190734863,4.800000190734863,39800
4138,4.541443347930908,4.824999809265137,2001-07-19,5.074999809265137,4.824999809265137,5.074999809265137,7400
4139,4.781457424163818,5.079999923706055,2001-07-18,5.170000076293945,5.025000095367432,5.170000076293945,66400
4140,4.86616849899292,5.170000076293945,2001-07-17,5.170000076293945,5.025000095367432,5.050000190734863,45800
4141,4.729689598083496,5.025000095367432,2001-07-16,5.045000076293945,5.0,5.0,68600
4142,4.7061591148376465,5.0,2001-07-13,5.164999961853027,4.949999809265137,5.005000114440918,13200
4143,4.7249836921691895,5.019999980926514,2001-07-12,5.224999904632568,5.0,5.21999979019165,40200
4144,4.79086971282959,5.090000152587891,2001-07-11,5.449999809265137,5.085000038146973,5.324999809265137,29800
4145,5.012059211730957,5.324999809265137,2001-07-10,5.635000228881836,5.324999809265137,5.565000057220459,146600
4146,5.110888481140137,5.429999828338623,2001-07-09,5.699999809265137,5.429999828338623,5.474999904632568,127400
4147,5.110888481140137,5.429999828338623,2001-07-06,5.449999809265137,5.25,5.349999904632568,74200
4148,4.988528728485107,5.300000190734863,2001-07-05,5.340000152587891,5.170000076293945,5.224999904632568,59200
4149,5.0591206550598145,5.375,2001-07-03,5.375,5.110000133514404,5.110000133514404,67600
4150,4.894404888153076,5.199999809265137,2001-07-02,5.25,5.0,5.239999771118164,375400
4151,4.960291385650635,5.269999980926514,2001-06-29,5.440000057220459,5.0,5.0,195000
4152,4.748514652252197,5.045000076293945,2001-06-28,5.065000057220459,5.0,5.050000190734863,281800
4153,4.753220558166504,5.050000190734863,2001-06-27,5.099999904632568,4.800000190734863,4.974999904632568,620200
4154,4.701452732086182,4.994999885559082,2001-06-26,4.994999885559082,4.625,4.650000095367432,158600
4155,4.306135177612305,4.574999809265137,2001-06-25,4.75,4.574999809265137,4.650000095367432,83000
4156,4.376728057861328,4.650000095367432,2001-06-22,4.75,4.650000095367432,4.75,206800
4157,4.400259017944336,4.675000190734863,2001-06-21,4.75,4.525000095367432,4.525000095367432,38400
4158,4.235543251037598,4.5,2001-06-20,4.75,4.474999904632568,4.554999828338623,180600
4159,4.282604694366455,4.550000190734863,2001-06-19,4.675000190734863,4.525000095367432,4.550000190734863,212400
4160,4.254367828369141,4.519999980926514,2001-06-18,4.929999828338623,4.375,4.875,72400
4161,4.659097194671631,4.949999809265137,2001-06-15,4.985000133514404,4.875,4.925000190734863,34400
4162,4.7061591148376465,5.0,2001-06-14,5.090000152587891,4.875,5.059999942779541,199600
4163,4.7767510414123535,5.074999809265137,2001-06-13,5.230000019073486,5.050000190734863,5.059999942779541,1397200
4164,4.786163806915283,5.085000038146973,2001-06-12,5.400000095367432,4.974999904632568,5.230000019073486,306800
4165,5.0591206550598145,5.375,2001-06-11,5.375,4.75,4.795000076293945,406000
4166,4.484969139099121,4.764999866485596,2001-06-08,4.800000190734863,4.75,4.775000095367432,27200
4167,4.470850944519043,4.75,2001-06-07,4.824999809265137,4.699999809265137,4.704999923706055,50200
4168,4.4520263671875,4.730000019073486,2001-06-06,5.010000228881836,4.675000190734863,5.005000114440918,215200
4169,4.682628154754639,4.974999904632568,2001-06-05,5.050000190734863,4.855000019073486,4.934999942779541,315200
4170,4.579092502593994,4.864999771118164,2001-06-04,5.0,4.775000095367432,4.824999809265137,311200
4171,4.588504791259766,4.875,2001-06-01,4.875,4.710000038146973,4.724999904632568,88200
4172,4.517912864685059,4.800000190734863,2001-05-31,4.800000190734863,4.675000190734863,4.679999828338623,205600
4173,4.447319984436035,4.724999904632568,2001-05-30,4.800000190734863,4.650000095367432,4.659999847412109,93000
4174,4.414377212524414,4.690000057220459,2001-05-29,4.775000095367432,4.65500020980835,4.775000095367432,105400
4175,4.470850944519043,4.75,2001-05-25,4.824999809265137,4.679999828338623,4.755000114440918,72200
4176,4.517912864685059,4.800000190734863,2001-05-24,4.985000133514404,4.675000190734863,4.954999923706055,57000
4177,4.663803577423096,4.954999923706055,2001-05-23,5.110000133514404,4.949999809265137,5.054999828338623,61600
4178,4.748514652252197,5.045000076293945,2001-05-22,5.199999809265137,4.875,4.900000095367432,416000
4179,4.607329368591309,4.894999980926514,2001-05-21,4.900000095367432,4.775000095367432,4.775000095367432,44400
4180,4.569680213928223,4.855000019073486,2001-05-18,4.900000095367432,4.659999847412109,4.659999847412109,62800
4181,4.433201789855957,4.710000038146973,2001-05-17,4.710000038146973,4.574999809265137,4.579999923706055,130000
4182,4.3108415603637695,4.579999923706055,2001-05-16,4.635000228881836,4.574999809265137,4.574999809265137,62800
4183,4.3108415603637695,4.579999923706055,2001-05-15,4.664999961853027,4.550000190734863,4.554999828338623,133000
4184,4.282604694366455,4.550000190734863,2001-05-14,4.699999809265137,4.545000076293945,4.699999809265137,98200
4185,4.35319709777832,4.625,2001-05-11,4.849999904632568,4.539999961853027,4.724999904632568,35800
4186,4.423789024353027,4.699999809265137,2001-05-10,4.800000190734863,4.449999809265137,4.474999904632568,37800
4187,4.188481330871582,4.449999809265137,2001-05-09,4.449999809265137,4.300000190734863,4.349999904632568,161400
4188,4.056708812713623,4.309999942779541,2001-05-08,4.349999904632568,4.224999904632568,4.230000019073486,52400
4189,3.9767041206359863,4.224999904632568,2001-05-07,4.34499979019165,4.224999904632568,4.269999980926514,22400
4190,4.009647846221924,4.260000228881836,2001-05-04,4.449999809265137,4.099999904632568,4.264999866485596,76400
4191,4.094357967376709,4.349999904632568,2001-05-03,4.59499979019165,4.329999923706055,4.590000152587891,7000
4192,4.235543251037598,4.5,2001-05-02,4.550000190734863,4.375,4.375,22000
4193,4.169656753540039,4.429999828338623,2001-05-01,4.449999809265137,4.105000019073486,4.230000019073486,28800
4194,4.27789831161499,4.545000076293945,2001-04-30,4.545000076293945,4.300000190734863,4.324999809265137,20200
4195,4.296723365783691,4.565000057220459,2001-04-27,4.565000057220459,4.324999809265137,4.519999980926514,13600
4196,4.259073734283447,4.525000095367432,2001-04-26,4.525000095367432,4.210000038146973,4.349999904632568,13000
4197,3.9767041206359863,4.224999904632568,2001-04-25,4.224999904632568,4.03000020980835,4.150000095367432,21600
4198,3.873168706893921,4.114999771118164,2001-04-24,4.349999904632568,4.090000152587891,4.09499979019165,37000
4199,3.854343891143799,4.09499979019165,2001-04-23,4.389999866485596,4.09499979019165,4.315000057220459,29800
4200,4.108476638793945,4.364999771118164,2001-04-20,4.900000095367432,4.0,4.869999885559082,75400
4201,4.612035751342773,4.900000095367432,2001-04-19,5.050000190734863,4.880000114440918,5.045000076293945,93600
4202,4.677921772003174,4.96999979019165,2001-04-18,5.304999828338623,4.949999809265137,5.184999942779541,124000
4203,4.612035751342773,4.900000095367432,2001-04-17,5.385000228881836,4.445000171661377,4.565000057220459,209400
4204,4.169656753540039,4.429999828338623,2001-04-16,4.699999809265137,3.5999999046325684,3.6050000190734863,315400
4205,2.936643123626709,3.119999885559082,2001-04-12,3.625,3.0850000381469727,3.375,109200
4206,3.0025293827056885,3.190000057220459,2001-04-11,3.625,3.0950000286102295,3.5450000762939453,195200
4207,3.2472496032714844,3.450000047683716,2001-04-10,3.875,3.450000047683716,3.75,67400
4208,3.3225481510162354,3.5299999713897705,2001-04-09,4.0,3.5299999713897705,4.0,22200
4209,3.4413788318634033,3.65625,2001-04-06,4.125,3.65625,3.9375,66000
4210,3.7061002254486084,3.9375,2001-04-05,4.125,3.875,3.90625,43800
4211,3.647273063659668,3.875,2001-04-04,4.1875,3.703125,4.0625,48800
4212,3.735513687133789,3.96875,2001-04-03,4.4375,3.9375,4.4375,27600
4213,4.147302627563477,4.40625,2001-04-02,4.6328125,4.40625,4.5703125,36200
4214,4.3237833976745605,4.59375,2001-03-30,4.71875,4.3125,4.71875,12600
4215,4.294370174407959,4.5625,2001-03-29,4.625,4.15625,4.53125,30200
4216,4.264956474304199,4.53125,2001-03-28,5.0625,4.53125,5.0,8400
4217,4.8826398849487305,5.1875,2001-03-27,5.1875,4.875,4.875,11000
4218,4.588504791259766,4.875,2001-03-26,4.875,4.875,4.875,1400
4219,4.264956474304199,4.53125,2001-03-23,4.875,4.53125,4.8125,4800
4220,4.412024021148682,4.6875,2001-03-22,5.3125,4.484375,5.3125,16400
4221,4.853226184844971,5.15625,2001-03-21,5.5625,5.0,5.0625,49000
4222,4.470850944519043,4.75,2001-03-20,5.140625,4.75,5.140625,16200
4223,4.823812961578369,5.125,2001-03-19,5.34375,5.125,5.21875,7200
4224,4.588504791259766,4.875,2001-03-16,5.5625,4.875,5.28125,45400
4225,5.000293731689453,5.3125,2001-03-15,5.3125,4.96875,5.21875,30600
4226,4.7061591148376465,5.0,2001-03-14,5.21875,4.5,4.5,37000
4227,4.35319709777832,4.625,2001-03-13,4.6875,3.984375,4.0,168200
4228,3.470792293548584,3.6875,2001-03-12,4.5625,3.6875,4.4375,183000
4229,4.176715850830078,4.4375,2001-03-09,4.9375,4.4375,4.765625,18000
4230,4.485557556152344,4.765625,2001-03-08,5.2109375,4.765625,5.2109375,14800
4231,4.91205358505249,5.21875,2001-03-07,5.21875,4.8359375,4.90625,16800
4232,4.500264644622803,4.78125,2001-03-06,5.0,4.75,4.8828125,16600
4233,4.720865726470947,5.015625,2001-03-05,5.1875,4.875,5.1875,4400
4234,4.8826398849487305,5.1875,2001-03-02,5.25,4.78125,5.0,20400
4235,4.853226184844971,5.15625,2001-03-01,5.8125,4.53125,5.8125,91200
4236,5.4414963722229,5.78125,2001-02-28,5.96875,5.5,5.90625,24400
4237,5.529736518859863,5.875,2001-02-27,6.125,5.875,6.015625,9600
4238,5.676804065704346,6.03125,2001-02-26,6.03125,5.90625,6.0234375,91400
4239,5.617977142333984,5.96875,2001-02-23,6.0,5.84375,6.0,59200
4240,5.588563919067383,5.9375,2001-02-22,6.0625,5.875,6.0,37000
4241,5.419435977935791,5.7578125,2001-02-21,5.96875,5.6875,5.6875,66000
4242,5.353255748748779,5.6875,2001-02-20,5.875,5.625,5.875,32800
4243,5.647390842437744,6.0,2001-02-16,6.375,5.78125,6.375,33600
4244,6.029766082763672,6.40625,2001-02-15,6.53125,6.1875,6.53125,49600
4245,6.176833629608154,6.5625,2001-02-14,7.78125,6.5,7.78125,82000
4246,7.059238433837891,7.5,2001-02-13,7.625,6.8125,7.0625,57400
4247,6.588622570037842,7.0,2001-02-12,7.0625,6.5625,7.0,18400
4248,6.235660552978516,6.625,2001-02-09,7.0625,6.625,6.9375,18000
4249,6.588622570037842,7.0,2001-02-08,7.1875,6.75,6.890625,22400
4250,6.676863193511963,7.09375,2001-02-07,7.09375,6.71875,6.75,44000
4251,6.470968723297119,6.875,2001-02-06,6.9375,6.1875,6.1875,43200
4252,5.8826985359191895,6.25,2001-02-05,6.65625,6.125,6.65625,32400
4253,6.323901176452637,6.71875,2001-02-02,7.125,6.6875,7.125,11800
4254,6.470968723297119,6.875,2001-02-01,7.03125,6.8125,7.0,4800
4255,6.588622570037842,7.0,2001-01-31,7.3125,6.625,6.625,55000
4256,6.088593006134033,6.46875,2001-01-30,6.609375,6.3125,6.5625,57000
4257,6.265074253082275,6.65625,2001-01-29,6.921875,6.5,6.921875,57000
4258,6.470968723297119,6.875,2001-01-26,6.9375,6.53125,6.71875,10800
4259,6.5297956466674805,6.9375,2001-01-25,7.34375,6.75,7.34375,40400
4260,7.059238433837891,7.5,2001-01-24,8.0625,7.375,8.0625,28000
4261,7.50044059753418,7.96875,2001-01-23,8.03125,7.5625,7.90625,17400
4262,7.50044059753418,7.96875,2001-01-22,8.0,7.75,7.96875,14200
4263,7.3533735275268555,7.8125,2001-01-19,8.1875,7.5625,8.1875,84800
4264,7.647508144378662,8.125,2001-01-18,8.875,7.90625,7.9375,93800
4265,7.412200450897217,7.875,2001-01-17,7.875,7.21875,7.53125,77400
4266,7.206305980682373,7.65625,2001-01-16,8.0,7.25,7.6875,77600
4267,7.235719203948975,7.6875,2001-01-12,7.6875,7.15625,7.3125,155400
4268,6.882757663726807,7.3125,2001-01-11,7.4375,6.5,6.6875,232000
4269,6.294487476348877,6.6875,2001-01-10,6.9375,6.4375,6.875,125200
4270,6.4121413230896,6.8125,2001-01-09,7.0,6.0,6.0,145400
4271,5.647390842437744,6.0,2001-01-08,6.0625,5.875,5.9375,22200
4272,5.647390842437744,6.0,2001-01-05,6.1171875,5.875,6.1171875,82800
4273,5.765044689178467,6.125,2001-01-04,6.21875,5.75,5.90625,119800
4274,5.617977142333984,5.96875,2001-01-03,6.46875,4.78125,5.25,192200
4275,5.000293731689453,5.3125,2001-01-02,5.875,5.03125,5.7421875,122000
4276,5.353255748748779,5.6875,2000-12-29,6.09375,5.0,6.0625,354000
4277,5.7062177658081055,6.0625,2000-12-28,7.25,4.5,4.9375,1063600
4278,3.647273063659668,3.875,2000-12-27,4.0,3.640625,3.6875,79200
4279,3.7649271488189697,4.0,2000-12-26,4.40625,4.0,4.3125,67200
4280,4.000235080718994,4.25,2000-12-22,4.375,4.125,4.25,62200
4281,4.117888927459717,4.375,2000-12-21,4.8125,4.25,4.5625,91000
4282,4.294370174407959,4.5625,2000-12-20,4.859375,4.375,4.84375,101400
4283,4.676745414733887,4.96875,2000-12-19,5.09375,4.875,5.0625,42600
4284,4.853226184844971,5.15625,2000-12-18,5.4375,4.96875,5.0625,23400
4285,4.823812961578369,5.125,2000-12-15,5.71875,5.09375,5.71875,31600
4286,5.412082672119141,5.75,2000-12-14,6.09375,5.625,6.0,40400
4287,5.8826985359191895,6.25,2000-12-13,6.5625,6.0,6.34375,63800
4288,6.029766082763672,6.40625,2000-12-12,6.5625,6.25,6.5,32800
4289,6.176833629608154,6.5625,2000-12-11,6.5625,5.875,6.03125,54600
4290,5.765044689178467,6.125,2000-12-08,6.125,5.25,5.25,65000
4291,4.8826398849487305,5.1875,2000-12-07,5.625,5.0625,5.5,44600
4292,5.176774978637695,5.5,2000-12-06,5.84375,4.90625,4.921875,49800
4293,4.676745414733887,4.96875,2000-12-05,4.96875,4.75,4.96875,25800
4294,4.544384956359863,4.828125,2000-12-04,5.0625,4.53125,4.53125,64400
4295,4.441437721252441,4.71875,2000-12-01,5.96875,4.0078125,4.8125,194800
4296,4.617918491363525,4.90625,2000-11-30,5.375,4.65625,4.9453125,73600
4297,4.91205358505249,5.21875,2000-11-29,5.40625,4.90625,5.40625,34600
4298,5.176774978637695,5.5,2000-11-28,5.875,5.375,5.75,32600
4299,5.588563919067383,5.9375,2000-11-27,6.75,4.7578125,5.09375,90600
4300,4.7061591148376465,5.0,2000-11-24,5.1875,4.78125,5.15625,24000
4301,4.823812961578369,5.125,2000-11-22,5.90625,5.0625,5.90625,32400
4302,5.588563919067383,5.9375,2000-11-21,6.15625,5.84375,6.125,32200
4303,5.765044689178467,6.125,2000-11-20,6.375,6.09375,6.375,41400
4304,6.00035285949707,6.375,2000-11-17,6.7734375,6.375,6.7734375,84200
4305,6.294487476348877,6.6875,2000-11-16,6.6875,6.21875,6.40625,57600
4306,5.941525459289551,6.3125,2000-11-15,6.59375,6.15625,6.4921875,87600
4307,5.912112236022949,6.28125,2000-11-14,7.46875,6.28125,7.46875,42600
4308,6.735690116882324,7.15625,2000-11-13,7.46875,7.15625,7.46875,28400
4309,7.000411510467529,7.4375,2000-11-10,7.53125,7.125,7.46875,11400
4310,6.823930263519287,7.25,2000-11-09,7.59375,6.75,6.75,32200
4311,6.4121413230896,6.8125,2000-11-08,7.1875,6.8125,6.8828125,17000
4312,6.500381946563721,6.90625,2000-11-07,7.1875,6.875,7.1875,24400
4313,6.7062764167785645,7.125,2000-11-06,7.3125,7.125,7.296875,29600
4314,6.853343963623047,7.28125,2000-11-03,7.3125,6.875,7.3046875,74800
4315,6.853343963623047,7.28125,2000-11-02,7.28125,7.015625,7.0625,25600
4316,6.588622570037842,7.0,2000-11-01,7.3125,6.8125,7.0,51000
4317,6.875403881072998,7.3046875,2000-10-31,7.6875,7.0,7.0,49000
4318,6.500381946563721,6.90625,2000-10-30,7.1875,6.90625,6.921875,6000
4319,6.823930263519287,7.25,2000-10-27,7.53125,6.875,7.46875,19800
4320,6.823930263519287,7.25,2000-10-26,7.5625,7.125,7.375,19200
4321,7.08865213394165,7.53125,2000-10-25,7.59375,7.3125,7.34375,62800
4322,7.08865213394165,7.53125,2000-10-24,7.75,7.28125,7.53125,63800
4323,6.890110969543457,7.3203125,2000-10-23,7.59375,6.875,7.53125,21400
4324,7.08865213394165,7.53125,2000-10-20,7.9375,7.53125,7.609375,49400
4325,7.147479057312012,7.59375,2000-10-19,8.3125,6.75,6.75,55400
4326,6.118006706237793,6.5,2000-10-18,7.5,6.4375,7.5,37000
4327,6.823930263519287,7.25,2000-10-17,7.953125,7.25,7.953125,37800
4328,7.647508144378662,8.125,2000-10-16,8.21875,7.59375,7.875,22600
4329,7.3533735275268555,7.8125,2000-10-13,8.0,7.75,7.75,18200
4330,7.294546127319336,7.75,2000-10-12,8.21875,7.59375,8.03125,43800
4331,7.5298542976379395,8.0,2000-10-11,9.0,8.0,9.0,74600
4332,8.235777854919434,8.75,2000-10-10,9.625,8.5,8.625,44400
4333,8.118124008178711,8.625,2000-10-09,9.3671875,8.5,9.3671875,14800
4334,8.70639419555664,9.25,2000-10-06,9.375,8.6875,9.375,35200
4335,8.882875442504883,9.4375,2000-10-05,9.4375,9.0625,9.0625,8800
4336,8.588740348815918,9.125,2000-10-04,9.3671875,8.625,9.3671875,21000
4337,8.70639419555664,9.25,2000-10-03,10.8125,9.25,10.5625,45200
4338,9.706452369689941,10.3125,2000-10-02,11.8125,10.28125,10.53125,123400
4339,9.647625923156738,10.25,2000-09-29,10.25,8.71875,9.0,94200
4340,8.441672325134277,8.96875,2000-09-28,9.0,8.5,8.53125,50200
4341,8.294605255126953,8.8125,2000-09-27,9.5,8.5625,8.625,74200
4342,8.235777854919434,8.75,2000-09-26,9.625,7.78125,7.8125,138400
4343,7.412200450897217,7.875,2000-09-25,7.90625,7.53125,7.8125,148800
4344,7.323959827423096,7.78125,2000-09-22,8.125,7.3125,7.5,98400
4345,7.323959827423096,7.78125,2000-09-21,8.375,7.6875,8.375,88400
4346,7.7945756912231445,8.28125,2000-09-20,8.625,8.09375,8.625,49000
4347,8.17695140838623,8.6875,2000-09-19,8.6875,8.125,8.328125,174400
4348,8.147537231445312,8.65625,2000-09-18,9.34375,8.65625,8.875,95000
4349,8.235777854919434,8.75,2000-09-15,8.875,8.5,8.875,81000
4350,8.441672325134277,8.96875,2000-09-14,8.96875,8.6015625,8.78125,69000
4351,8.17695140838623,8.6875,2000-09-13,8.96875,8.0,8.9375,150600
4352,8.412259101867676,8.9375,2000-09-12,9.3125,8.734375,8.734375,36600
4353,8.324018478393555,8.84375,2000-09-11,8.96875,8.71875,8.90625,54400
4354,8.294605255126953,8.8125,2000-09-08,8.90625,8.75,8.765625,26600
4355,8.353431701660156,8.875,2000-09-07,8.96875,8.75,8.96875,161600
4356,8.412259101867676,8.9375,2000-09-06,9.46875,8.78125,9.390625,83800
4357,8.912288665771484,9.46875,2000-09-05,9.53125,9.3125,9.4375,20400
4358,8.941701889038086,9.5,2000-09-01,9.8125,9.375,9.8125,89600
4359,9.20642375946045,9.78125,2000-08-31,9.9375,9.1875,9.9375,80800
4360,9.353490829467773,9.9375,2000-08-30,9.96875,9.625,9.6875,120400
4361,9.23583698272705,9.8125,2000-08-29,9.875,9.59375,9.875,56400
4362,9.294663429260254,9.875,2000-08-28,9.9375,9.6875,9.8125,63400
4363,9.294663429260254,9.875,2000-08-25,9.96875,9.875,9.875,69000
4364,9.14759635925293,9.71875,2000-08-24,9.96875,9.71875,9.9375,17200
4365,9.382904052734375,9.96875,2000-08-23,9.96875,9.75,9.75,7200
4366,9.177009582519531,9.75,2000-08-22,9.96875,9.71875,9.96875,29200
4367,9.412318229675293,10.0,2000-08-21,10.03125,9.625,9.96875,50400
4368,9.412318229675293,10.0,2000-08-18,10.0,9.625,10.0,60400
4369,9.353490829467773,9.9375,2000-08-17,10.0625,9.46875,9.5625,39800
4370,9.000529289245605,9.5625,2000-08-16,10.0625,9.28125,9.5,38800
4371,8.794634819030762,9.34375,2000-08-15,10.0625,9.34375,9.96875,69400
4372,9.324077606201172,9.90625,2000-08-14,10.5625,9.25,10.5625,197600
4373,10.324135780334473,10.96875,2000-08-11,12.21875,10.625,12.21875,97200
4374,11.588916778564453,12.3125,2000-08-10,12.625,12.0,12.28125,61400
4375,11.412435531616211,12.125,2000-08-09,12.5,11.875,12.09375,64200
4376,11.38302230834961,12.09375,2000-08-08,12.125,11.40625,11.40625,43800
4377,10.79475212097168,11.46875,2000-08-07,11.71875,11.4375,11.46875,38000
4378,10.8829927444458,11.5625,2000-08-04,11.75,11.5,11.65625,15400
4379,11.059473037719727,11.75,2000-08-03,11.90625,11.71875,11.75,35800
4380,11.088887214660645,11.78125,2000-08-02,11.8125,11.625,11.6875,13200
4381,11.118300437927246,11.8125,2000-08-01,12.28125,11.53125,11.8125,27200
4382,11.294781684875488,12.0,2000-07-31,12.0,11.75,11.75,14200
4383,11.118300437927246,11.8125,2000-07-28,11.90625,11.5,11.90625,136400
4384,11.235954284667969,11.9375,2000-07-27,13.46875,11.75,13.28125,40600
4385,12.794869422912598,13.59375,2000-07-26,13.59375,13.25,13.46875,21000
4386,12.706628799438477,13.5,2000-07-25,13.875,13.3125,13.625,46400
4387,12.8242826461792,13.625,2000-07-24,13.875,13.625,13.875,12000
4388,13.177245140075684,14.0,2000-07-21,14.5,13.5,14.5,20600
4389,13.353726387023926,14.1875,2000-07-20,14.9375,13.625,14.9375,46400
4390,13.765515327453613,14.625,2000-07-19,15.0,14.5625,15.0,32200
4391,14.147890090942383,15.03125,2000-07-18,15.25,14.3125,14.96875,134600
4392,14.08906364440918,14.96875,2000-07-17,15.0,14.4375,14.515625,57200
4393,13.589034080505371,14.4375,2000-07-14,14.84375,14.25,14.34375,103600
4394,13.412552833557129,14.25,2000-07-13,14.65625,13.75,14.0,137400
4395,12.941937446594238,13.75,2000-07-12,14.3125,12.65625,12.65625,152400
4396,12.088945388793945,12.84375,2000-07-11,12.9375,12.09375,12.28125,47600
4397,11.353608131408691,12.0625,2000-07-10,12.375,11.875,12.125,11800
4398,11.235954284667969,11.9375,2000-07-07,12.28125,11.78125,12.03125,120000
4399,11.32419490814209,12.03125,2000-07-06,12.40625,11.6875,12.125,61200
4400,11.38302230834961,12.09375,2000-07-05,12.53125,11.875,12.53125,41200
4401,11.765397071838379,12.5,2000-07-03,13.0625,11.5,12.375,101400
4402,12.44190788269043,13.21875,2000-06-30,15.9375,12.625,14.375,465800
4403,13.471380233764648,14.3125,2000-06-29,14.5,12.3125,12.828125,142400
4404,12.236013412475586,13.0,2000-06-28,13.0,12.03125,12.375,61000
4405,11.647743225097656,12.375,2000-06-27,12.515625,11.9375,12.0,42800
4406,11.530089378356934,12.25,2000-06-26,13.0,11.9375,12.125,72200
4407,11.294781684875488,12.0,2000-06-23,12.25,11.625,11.6875,33200
4408,11.059473037719727,11.75,2000-06-22,12.25,11.75,12.0,64400
4409,11.059473037719727,11.75,2000-06-21,12.3125,11.71875,12.0,55200
4410,11.500676155090332,12.21875,2000-06-20,12.3125,11.78125,11.78125,42200
4411,11.221247673034668,11.921875,2000-06-19,12.4375,11.65625,12.4375,31800
4412,11.588916778564453,12.3125,2000-06-16,12.5625,12.0625,12.125,60000
4413,11.294781684875488,12.0,2000-06-15,12.125,11.8125,12.0,15600
4414,11.118300437927246,11.8125,2000-06-14,12.59375,11.25,12.125,65200
4415,11.647743225097656,12.375,2000-06-13,12.625,12.0,12.5,38600
4416,12.118359565734863,12.875,2000-06-12,13.75,12.375,13.75,101200
4417,12.941937446594238,13.75,2000-06-09,14.4375,13.25,14.40625,203200
4418,12.941937446594238,13.75,2000-06-08,14.25,13.125,13.9375,443800
4419,11.294781684875488,12.0,2000-06-07,13.125,11.0,12.90625,132200
4420,11.8536376953125,12.59375,2000-06-06,13.5,12.1875,12.3125,169400
4421,11.412435531616211,12.125,2000-06-05,12.375,10.375,10.71875,144400
4422,10.324135780334473,10.96875,2000-06-02,11.0,10.46875,10.6875,82600
4423,9.765279769897461,10.375,2000-06-01,10.5,10.0,10.0,53800
4424,9.412318229675293,10.0,2000-05-31,10.875,9.90625,10.875,63000
4425,10.147655487060547,10.78125,2000-05-30,11.0,9.3125,9.625,149000
4426,8.882875442504883,9.4375,2000-05-26,9.625,9.0625,9.625,56000
4427,8.824048042297363,9.375,2000-05-25,10.5625,9.1875,10.5625,97400
4428,9.118183135986328,9.6875,2000-05-24,10.125,8.25,10.125,79600
4429,9.088769912719727,9.65625,2000-05-23,10.5625,9.5625,10.390625,75000
4430,9.647625923156738,10.25,2000-05-22,11.0,9.9375,11.0,179600
4431,10.35354995727539,11.0,2000-05-19,11.5625,10.3125,11.5625,109800
4432,10.941819190979004,11.625,2000-05-18,11.8125,11.5,11.625,44400
4433,10.824165344238281,11.5,2000-05-17,11.625,11.4375,11.5,149600
4434,10.941819190979004,11.625,2000-05-16,11.9375,11.5,11.6875,65600
4435,11.059473037719727,11.75,2000-05-15,11.9375,11.4375,11.71875,138200
4436,10.824165344238281,11.5,2000-05-12,11.625,11.0625,11.1328125,105200
4437,10.35354995727539,11.0,2000-05-11,11.25,10.625,10.84375,126000
4438,10.000587463378906,10.625,2000-05-10,11.125,10.0,11.109375,130600
4439,10.35354995727539,11.0,2000-05-09,11.28125,10.125,11.28125,76000
4440,10.35354995727539,11.0,2000-05-08,11.875,11.0,11.5,75000
4441,10.8535795211792,11.53125,2000-05-05,11.96875,10.9375,10.9375,74800
4442,10.625624656677246,11.2890625,2000-05-04,11.375,10.25,10.25,92400
4443,10.059414863586426,10.6875,2000-05-03,11.625,10.46875,11.625,141800
4444,11.059473037719727,11.75,2000-05-02,12.25,11.53125,12.0625,52000
4445,11.294781684875488,12.0,2000-05-01,12.25,11.9375,12.1875,96000
4446,11.059473037719727,11.75,2000-04-28,12.75,11.5,11.8125,97400
4447,10.8535795211792,11.53125,2000-04-27,12.21875,10.71875,11.8125,114800
4448,11.500676155090332,12.21875,2000-04-26,12.84375,12.0,12.25,137200
4449,11.294781684875488,12.0,2000-04-25,13.46875,11.75,12.875,155000
4450,11.824224472045898,12.5625,2000-04-24,13.0,11.75,12.53125,251200
4451,12.8242826461792,13.625,2000-04-20,14.75,10.75,10.8125,599600
4452,9.882933616638184,10.5,2000-04-19,11.75,9.0,9.625,375400
4453,9.353490829467773,9.9375,2000-04-18,10.75,8.75,10.3125,562200
4454,9.559385299682617,10.15625,2000-04-17,11.34375,6.25,8.125,1333200
4455,8.941701889038086,9.5,2000-04-14,13.5625,9.4375,13.53125,310600
4456,12.647802352905273,13.4375,2000-04-13,14.4375,13.25,14.25,137000
4457,13.412552833557129,14.25,2000-04-12,16.0,13.875,14.625,556600
4458,14.824400901794434,15.75,2000-04-11,17.0625,13.1875,15.265625,284800
4459,14.647919654846191,15.5625,2000-04-10,17.125,15.5,16.8125,107200
4460,15.295016288757324,16.25,2000-04-07,17.4375,16.25,17.4375,118000
4461,16.295074462890625,17.3125,2000-04-06,18.53125,16.375,17.375,189400
4462,16.35390281677246,17.375,2000-04-05,18.5625,12.03125,14.375,238600
4463,14.412611961364746,15.3125,2000-04-04,16.0,14.625,15.6875,208600
4464,14.706747055053711,15.625,2000-04-03,16.875,15.125,16.75,256200
4465,15.589151382446289,16.5625,2000-03-31,18.0,16.25,17.828125,496200
4466,17.059825897216797,18.125,2000-03-30,19.75,17.6875,18.34375,412400
4467,16.736278533935547,17.78125,2000-03-29,20.75,17.5625,20.25,638400
4468,18.648155212402344,19.8125,2000-03-28,21.0625,18.5,19.875,492400
4469,18.824636459350586,20.0,2000-03-27,21.0,18.6875,21.0,249200
4470,19.854108810424805,21.09375,2000-03-24,23.09375,21.03125,22.625,218200
4471,21.648330688476562,23.0,2000-03-23,23.75,20.625,20.625,197000
4472,19.765867233276367,21.0,2000-03-22,22.75,20.625,22.75,144600
4473,21.177715301513672,22.5,2000-03-21,24.0,22.4375,24.0,165400
4474,22.50132179260254,23.90625,2000-03-20,24.875,23.28125,24.5,303200
4475,23.060178756713867,24.5,2000-03-17,25.5,23.84375,24.25,141000
4476,22.76604461669922,24.1875,2000-03-16,25.625,23.25,24.8125,334200
4477,23.23666000366211,24.6875,2000-03-15,26.5625,23.5,25.9375,282200
4478,24.060237884521484,25.5625,2000-03-14,29.96875,24.75,28.6875,562200
4479,26.825105667114258,28.5,2000-03-13,28.75,23.6875,25.5,520800
4480,25.177949905395508,26.75,2000-03-10,27.75,24.78125,26.125,669000
4481,22.236600875854492,23.625,2000-03-09,25.0,21.0,21.3125,1304400
4482,20.11882972717285,21.375,2000-03-08,21.375,17.875,18.65625,371800
4483,17.471614837646484,18.5625,2000-03-07,19.71875,18.375,19.625,187000
4484,18.559913635253906,19.71875,2000-03-06,20.125,19.109375,19.109375,183600
4485,18.089298248291016,19.21875,2000-03-03,21.0,18.5,19.90625,233600
4486,18.706981658935547,19.875,2000-03-02,21.625,19.5,21.625,247600
4487,20.177656173706055,21.4375,2000-03-01,23.25,19.375,23.1875,511200
4488,21.29537010192871,22.625,2000-02-29,23.6875,20.375,21.046875,914000
4489,19.05994415283203,20.25,2000-02-28,20.5,16.875,17.34375,716000
4490,15.765632629394531,16.75,2000-02-25,17.625,13.84375,13.859375,966200
4491,13.294898986816406,14.125,2000-02-24,15.0,13.5625,15.0,169000
4492,13.706687927246094,14.5625,2000-02-23,15.75,13.625,15.5,231800
4493,14.324371337890625,15.21875,2000-02-22,16.375,14.96875,16.21875,317800
4494,14.442025184631348,15.34375,2000-02-18,16.8125,15.125,16.78125,241800
4495,15.295016288757324,16.25,2000-02-17,16.75,14.375,16.5625,949600
4496,15.559738159179688,16.53125,2000-02-16,18.5,16.125,18.4375,909600
4497,17.765750885009766,18.875,2000-02-15,21.9375,18.625,21.921875,667600
4498,20.648271560668945,21.9375,2000-02-14,23.1875,21.75,22.6875,207400
4499,20.471792221069336,21.75,2000-02-11,22.59375,21.75,22.53125,124800
4500,20.824752807617188,22.125,2000-02-10,22.8125,21.5625,22.8125,175000
4501,21.236541748046875,22.5625,2000-02-09,24.09375,22.25,22.6875,273200
4502,21.060060501098633,22.375,2000-02-08,22.875,21.5,21.875,241800
4503,20.295310974121094,21.5625,2000-02-07,22.25,21.5,22.09375,226400
4504,20.471792221069336,21.75,2000-02-04,23.0,21.625,22.25,160000
4505,20.70709991455078,22.0,2000-02-03,23.0625,21.78125,22.5,219400
4506,21.177715301513672,22.5,2000-02-02,23.125,22.0,23.0625,95000
4507,21.824811935424805,23.1875,2000-02-01,23.625,21.875,22.5625,129600
4508,20.824752807617188,22.125,2000-01-31,23.5,21.71875,22.8125,126400
4509,21.883638381958008,23.25,2000-01-28,24.6875,21.59375,24.3125,318000
4510,22.824871063232422,24.25,2000-01-27,25.5,23.5,25.1875,251000
4511,23.942583084106445,25.4375,2000-01-26,26.4375,22.5625,23.5,795000
4512,22.118946075439453,23.5,2000-01-25,23.875,22.125,22.53125,338400
4513,20.295310974121094,21.5625,2000-01-24,26.25,21.5,24.375,480000
4514,22.589563369750977,24.0,2000-01-21,24.46875,21.28125,22.234375,286000
4515,20.030588150024414,21.28125,2000-01-20,22.3125,20.25,21.8125,293600
4516,19.765867233276367,21.0,2000-01-19,22.625,20.25,22.625,357200
4517,21.177715301513672,22.5,2000-01-18,23.65625,22.375,23.390625,264400
4518,21.7071590423584,23.0625,2000-01-14,25.0,23.0,23.65625,303600
4519,22.118946075439453,23.5,2000-01-13,25.25,22.53125,23.9375,201600
4520,22.53073501586914,23.9375,2000-01-12,26.0,22.25,23.375,453000
4521,21.648330688476562,23.0,2000-01-11,26.0,22.25,25.984375,424800
4522,24.589679718017578,26.125,2000-01-10,27.6875,22.25,23.75,1040200
4523,20.942407608032227,22.25,2000-01-07,27.5,21.5625,27.34375,923600
4524,24.76616096496582,26.3125,2000-01-06,30.375,25.125,30.359375,577200
4525,28.17812728881836,29.9375,2000-01-05,30.75,26.8125,29.96875,884200
4526,28.3546085357666,30.125,2000-01-04,33.25,27.25,27.5,2163200
4527,32.2666015625,34.28125,2000-01-03,37.3125,19.125,21.140625,4251800
